190.0
8
392472640
387233140
0 1 1 27 17.0 6 (D 1,1,1) (S 26,1,4) (S 1,2,2) (S 20,2,7) (S 19,3,4) (D 1,1,1)
0 1 2 27 28.0 8 (D 1,1,1) (S 12,1,11) (S 32,7,9) (S 8,9,9) (S 27,4,5) (S 4,5,5) (S 21,5,8) (D 1,1,1)
0 1 3 27 10.0 8 (D 1,1,1) (S 6,7,7) (S 28,7,10) (S 9,10,10) (S 2,3,3) (S 13,3,7) (S 10,1,7) (D 1,1,1)
0 1 4 27 45.0 7 (D 1,1,1) (S 11,6,10) (S 25,3,9) (S 14,4,11) (S 15,3,5) (S 30,5,10) (D 1,1,1)
0 1 5 27 33.0 6 (D 1,1,1) (S 5,6,6) (S 17,6,9) (S 16,9,10) (S 31,3,11) (D 1,1,1)
0 1 6 23 25.0 6 (D 1,1,1) (S 7,8,8) (S 22,8,9) (S 23,2,3) (S 33,3,10) (D 1,1,1)
0 1 7 22 28.0 5 (D 1,1,1) (S 18,5,7) (S 24,5,11) (S 29,6,8) (D 1,1,1)
0 1 8 25 4.0 3 (D 1,1,1) (S 3,4,4) (D 1,1,1)
