145.0
6
295374240
283968580
0 1 1 27 28.0 8 (D 1,1,1) (S 11,1,11) (S 15,1,2) (S 14,2,4) (S 17,4,7) (S 6,7,7) (S 10,7,11) (D 1,1,1)
0 1 2 26 53.0 8 (D 1,1,1) (S 24,1,5) (S 4,5,5) (S 16,2,9) (S 5,6,6) (S 18,6,11) (S 21,7,9) (D 1,1,1)
0 1 3 27 9.0 5 (D 1,1,1) (S 20,1,8) (S 1,2,2) (S 22,2,8) (D 1,1,1)
0 1 4 26 27.0 7 (D 1,1,1) (S 9,1,9) (S 19,9,10) (S 8,10,10) (S 7,8,8) (S 23,7,8) (D 1,1,1)
0 1 5 26 16.0 4 (D 1,1,1) (S 2,3,3) (S 12,6,9) (D 1,1,1)
0 1 6 22 12.0 4 (D 1,1,1) (S 3,4,4) (S 13,7,10) (D 1,1,1)
