573.0
7
155792280
151537820
0 1 1 35 85.0 5 (D 1,1,1) (S 1,2,2) (S 20,2,6) (S 18,6,12) (D 1,1,1)
0 1 2 35 153.0 7 (D 1,1,1) (S 21,1,5) (S 11,5,10) (S 8,10,10) (S 16,4,10) (S 13,11,13) (D 1,1,1)
0 1 3 28 140.0 8 (D 1,1,1) (S 15,2,8) (S 6,8,8) (S 19,8,9) (S 7,9,9) (S 5,7,7) (S 17,3,6) (D 1,1,1)
0 1 4 25 30.0 4 (D 1,1,1) (S 12,2,3) (S 2,3,3) (D 1,1,1)
0 1 5 31 20.0 3 (D 1,1,1) (S 3,4,4) (D 1,1,1)
0 1 6 29 59.0 4 (D 1,1,1) (S 14,4,5) (S 4,6,6) (D 1,1,1)
0 1 7 29 86.0 4 (D 1,1,1) (S 10,12,12) (S 9,11,11) (D 1,1,1)
