590.0
7
252190399
242040259
0 1 1 39 140.0 6 (D 1,1,1) (S 9,7,9) (S 4,5,5) (S 8,5,7) (S 6,7,7) (D 1,1,1)
0 1 2 40 99.0 5 (D 1,1,1) (S 20,1,8) (S 12,8,9) (S 7,9,9) (D 1,1,1)
0 1 3 41 192.0 7 (D 1,1,1) (S 10,7,8) (S 23,8,10) (S 11,6,7) (S 21,1,7) (S 2,3,3) (D 1,1,1)
0 1 4 41 64.0 7 (D 1,1,1) (S 18,4,5) (S 13,5,6) (S 5,6,6) (S 17,3,6) (S 22,3,7) (D 1,1,1)
0 1 5 40 26.0 5 (D 1,1,1) (S 3,4,4) (S 19,4,1) (S 24,3,1) (D 1,1,1)
0 1 6 33 48.0 5 (D 1,1,1) (S 1,2,2) (S 14,2,5) (S 15,2,1) (D 1,1,1)
0 1 7 11 21.0 3 (D 1,1,1) (S 16,2,3) (D 1,1,1)
