484.0
6
282065560
263199859
0 1 1 5 57.0 6 (D 1,1,1) (S 8,1,2) (S 5,9,9) (S 10,2,4) (S 1,4,4) (D 1,1,1)
0 1 2 5 60.0 7 (D 1,1,1) (S 19,1,12) (S 21,6,12) (S 12,6,7) (S 14,7,8) (S 6,10,10) (D 1,1,1)
0 1 3 5 130.0 7 (D 1,1,1) (S 7,6,8) (S 4,8,8) (S 24,10,11) (S 22,9,10) (S 9,8,11) (D 1,1,1)
0 1 4 5 62.0 6 (D 1,1,1) (S 18,1,7) (S 3,7,7) (S 2,5,5) (S 11,5,6) (D 1,1,1)
0 1 5 5 137.0 7 (D 1,1,1) (S 16,1,9) (S 17,2,9) (S 20,2,3) (S 13,3,5) (S 23,5,11) (D 1,1,1)
0 1 6 1 38.0 3 (D 1,1,1) (S 15,3,4) (D 1,1,1)
