566.0
7
66278239
55746180
0 1 1 40 144.0 7 (D 1,1,1) (S 8,1,6) (S 2,3,3) (S 9,6,7) (S 13,7,9) (S 5,6,6) (D 1,1,1)
0 1 2 41 256.0 7 (D 1,1,1) (S 21,1,8) (S 19,8,10) (S 11,7,8) (S 10,8,9) (S 7,9,9) (D 1,1,1)
0 1 3 38 44.0 5 (D 1,1,1) (S 6,7,7) (S 17,4,2) (S 15,2,5) (D 1,1,1)
0 1 4 38 41.0 4 (D 1,1,1) (S 14,1,9) (S 4,5,5) (D 1,1,1)
0 1 5 35 12.0 3 (D 1,1,1) (S 3,4,4) (D 1,1,1)
0 1 6 40 54.0 6 (D 1,1,1) (S 12,5,6) (S 20,3,6) (S 1,2,2) (S 18,2,3) (D 1,1,1)
0 1 7 13 15.0 3 (D 1,1,1) (S 16,2,1) (D 1,1,1)
