725.0
9
2417959320
2157383200
0 1 1 65 98.0 12 (D 1,1,1) (S 51,2,1) (S 34,2,36) (S 53,37,3) (S 72,18,17) (S 41,18,22) (S 33,22,25) (S 68,20,17) (S 12,17,17) (S 66,6,12) (S 3,4,4) (D 1,1,1)
0 1 2 64 112.0 15 (D 1,1,1) (S 6,8,8) (S 48,1,40) (S 47,11,12) (S 62,12,11) (S 67,16,15) (S 60,15,9) (S 74,10,9) (S 57,9,8) (S 45,15,16) (S 7,9,9) (S 44,1,8) (S 29,40,40) (S 1,2,2) (D 1,1,1)
0 1 3 64 54.0 11 (D 1,1,1) (S 24,35,35) (S 52,2,6) (S 58,2,3) (S 35,7,13) (S 13,18,18) (S 2,3,3) (S 26,37,37) (S 54,37,38) (S 27,38,38) (D 1,1,1)
0 1 4 65 106.0 13 (D 1,1,1) (S 43,33,34) (S 38,35,36) (S 25,36,36) (S 73,37,30) (S 63,31,30) (S 20,30,30) (S 49,38,39) (S 28,39,39) (S 61,39,38) (S 65,4,3) (S 21,31,31) (D 1,1,1)
0 1 5 65 75.0 8 (D 1,1,1) (S 36,1,35) (S 32,1,10) (S 17,27,27) (S 50,26,33) (S 23,33,33) (S 69,34,35) (D 1,1,1)
0 1 6 65 40.0 6 (D 1,1,1) (S 30,8,14) (S 8,11,11) (S 9,12,12) (S 5,6,6) (D 1,1,1)
0 1 7 63 84.0 13 (D 1,1,1) (S 11,16,16) (S 42,14,15) (S 46,7,6) (S 10,13,13) (S 55,21,24) (S 37,24,25) (S 14,21,21) (S 71,21,22) (S 59,22,21) (S 39,20,23) (S 15,23,23) (D 1,1,1)
0 1 8 64 87.0 9 (D 1,1,1) (S 16,26,26) (S 40,26,27) (S 18,28,28) (S 56,8,40) (S 31,31,38) (S 4,5,5) (S 70,5,4) (D 1,1,1)
0 1 9 44 69.0 5 (D 1,1,1) (S 19,29,29) (S 22,32,32) (S 64,24,21) (D 1,1,1)
