181.0
6
221524520
211378300
0 1 1 27 52.0 8 (D 1,1,1) (S 17,1,7) (S 8,1,3) (S 19,3,11) (S 7,11,11) (S 16,1,5) (S 9,5,7) (D 1,1,1)
0 1 2 27 22.0 7 (D 1,1,1) (S 18,1,10) (S 14,8,10) (S 5,8,8) (S 11,2,9) (S 6,9,9) (D 1,1,1)
0 1 3 27 52.0 8 (D 1,1,1) (S 12,1,2) (S 13,3,5) (S 20,2,5) (S 15,3,10) (S 24,3,6) (S 10,6,9) (D 1,1,1)
0 1 4 25 2.0 3 (D 1,1,1) (S 1,2,2) (D 1,1,1)
0 1 5 27 38.0 6 (D 1,1,1) (S 2,4,4) (S 21,4,9) (S 3,6,6) (S 22,6,7) (D 1,1,1)
0 1 6 21 15.0 4 (D 1,1,1) (S 4,7,7) (S 23,6,10) (D 1,1,1)
