434.0
10
561782060
520385179
0 1 1 27 58.0 7 (D 1,1,1) (S 40,1,27) (S 5,6,6) (S 20,6,8) (S 38,6,7) (S 16,4,19) (D 1,1,1)
0 1 2 27 48.0 8 (D 1,1,1) (S 21,12,13) (S 39,13,14) (S 41,14,20) (S 33,20,21) (S 26,18,21) (S 12,21,21) (D 1,1,1)
0 1 3 27 42.0 7 (D 1,1,1) (S 1,2,2) (S 17,12,19) (S 34,10,11) (S 29,7,11) (S 4,5,5) (D 1,1,1)
0 1 4 27 56.0 7 (D 1,1,1) (S 31,1,15) (S 15,15,17) (S 7,13,13) (S 10,18,18) (S 23,25,26) (D 1,1,1)
0 1 5 27 61.0 7 (D 1,1,1) (S 25,1,17) (S 37,15,20) (S 22,21,25) (S 28,22,25) (S 13,23,23) (D 1,1,1)
0 1 6 26 65.0 8 (D 1,1,1) (S 11,19,19) (S 24,3,4) (S 36,5,6) (S 27,3,6) (S 30,23,26) (S 9,16,16) (D 1,1,1)
0 1 7 24 8.0 3 (D 1,1,1) (S 3,4,4) (D 1,1,1)
0 1 8 26 27.0 5 (D 1,1,1) (S 14,24,24) (S 6,8,8) (S 32,22,23) (D 1,1,1)
0 1 9 24 24.0 4 (D 1,1,1) (S 2,3,3) (S 19,26,27) (D 1,1,1)
0 1 10 23 45.0 5 (D 1,1,1) (S 8,14,14) (S 35,14,21) (S 18,21,23) (D 1,1,1)
