239.0
11
378266700
374668840
0 1 1 27 47.0 10 (D 1,1,1) (S 15,2,6) (S 26,6,10) (S 2,3,3) (S 34,3,11) (S 14,1,3) (S 16,3,4) (S 19,4,6) (S 37,6,11) (D 1,1,1)
0 1 2 27 47.0 8 (D 1,1,1) (S 36,1,5) (S 4,5,5) (S 32,5,9) (S 12,9,10) (S 28,4,9) (S 17,7,10) (D 1,1,1)
0 1 3 26 16.0 5 (D 1,1,1) (S 10,11,11) (S 21,3,9) (S 33,7,11) (D 1,1,1)
0 1 4 27 9.0 4 (D 1,1,1) (S 1,2,2) (S 39,2,7) (D 1,1,1)
0 1 5 26 32.0 7 (D 1,1,1) (S 23,4,7) (S 41,7,8) (S 38,8,9) (S 20,9,11) (S 42,1,4) (D 1,1,1)
0 1 6 27 11.0 6 (D 1,1,1) (S 7,8,8) (S 6,7,7) (S 24,3,7) (S 11,5,8) (D 1,1,1)
0 1 7 27 8.0 4 (D 1,1,1) (S 3,4,4) (S 13,10,11) (D 1,1,1)
0 1 8 23 37.0 7 (D 1,1,1) (S 27,2,5) (S 30,5,10) (S 9,10,10) (S 29,3,8) (S 25,8,11) (D 1,1,1)
0 1 9 23 14.0 5 (D 1,1,1) (S 35,2,4) (S 5,6,6) (S 18,6,7) (D 1,1,1)
0 1 10 25 13.0 5 (D 1,1,1) (S 40,2,3) (S 22,7,9) (S 8,9,9) (D 1,1,1)
0 1 11 8 5.0 3 (D 1,1,1) (S 31,6,8) (D 1,1,1)
