384.0
7
174918660
172149320
0 1 1 38 104.0 6 (D 1,1,1) (S 10,1,5) (S 16,5,7) (S 13,1,9) (S 8,9,9) (D 1,1,1)
0 1 2 39 12.0 4 (D 1,1,1) (S 12,1,7) (S 6,7,7) (D 1,1,1)
0 1 3 40 66.0 7 (D 1,1,1) (S 3,4,4) (S 14,4,3) (S 18,3,6) (S 5,6,6) (S 20,6,7) (D 1,1,1)
0 1 4 40 70.0 6 (D 1,1,1) (S 9,4,2) (S 1,2,2) (S 11,2,1) (S 17,5,9) (D 1,1,1)
0 1 5 37 60.0 5 (D 1,1,1) (S 19,4,5) (S 4,5,5) (S 15,2,8) (D 1,1,1)
0 1 6 24 32.0 4 (D 1,1,1) (S 2,3,3) (S 21,3,7) (D 1,1,1)
0 1 7 27 40.0 3 (D 1,1,1) (S 7,8,8) (D 1,1,1)
