580.0
6
170277380
158809000
0 1 1 5 113.0 7 (D 1,1,1) (S 14,1,4) (S 6,9,9) (S 13,2,4) (S 17,4,13) (S 12,5,6) (D 1,1,1)
0 1 2 5 103.0 7 (D 1,1,1) (S 21,1,12) (S 25,12,13) (S 16,5,13) (S 8,5,12) (S 3,6,6) (D 1,1,1)
0 1 3 5 78.0 7 (D 1,1,1) (S 22,1,10) (S 7,10,10) (S 5,8,8) (S 4,7,7) (S 9,7,12) (D 1,1,1)
0 1 4 5 111.0 6 (D 1,1,1) (S 24,1,2) (S 1,2,2) (S 19,9,10) (S 10,8,11) (D 1,1,1)
0 1 5 5 142.0 7 (D 1,1,1) (S 11,6,12) (S 20,7,8) (S 23,5,11) (S 2,3,3) (S 15,3,4) (D 1,1,1)
0 1 6 1 33.0 3 (D 1,1,1) (S 18,3,5) (D 1,1,1)
