536.0
8
192875760
177538060
0 1 1 45 56.0 10 (D 1,1,1) (S 47,1,9) (S 24,3,4) (S 48,5,4) (S 30,4,5) (S 1,2,2) (S 32,2,4) (S 28,10,2) (S 51,2,10) (D 1,1,1)
0 1 2 45 71.0 12 (D 1,1,1) (S 25,5,6) (S 13,7,13) (S 7,13,13) (S 11,17,17) (S 36,17,16) (S 10,16,16) (S 31,16,17) (S 23,13,14) (S 15,14,18) (S 49,18,17) (D 1,1,1)
0 1 3 44 49.0 8 (D 1,1,1) (S 5,9,9) (S 45,19,22) (S 12,22,22) (S 21,23,24) (S 37,24,21) (S 35,20,15) (D 1,1,1)
0 1 4 45 57.0 6 (D 1,1,1) (S 3,5,5) (S 39,1,19) (S 9,15,15) (S 22,21,23) (D 1,1,1)
0 1 5 45 108.0 8 (D 1,1,1) (S 27,19,20) (S 50,21,24) (S 46,21,15) (S 34,1,11) (S 38,11,1) (S 42,6,7) (D 1,1,1)
0 1 6 45 51.0 7 (D 1,1,1) (S 40,19,9) (S 2,3,3) (S 16,1,20) (S 14,1,5) (S 43,6,5) (D 1,1,1)
0 1 7 45 51.0 7 (D 1,1,1) (S 18,6,11) (S 20,6,12) (S 17,12,16) (S 33,17,12) (S 6,12,12) (D 1,1,1)
0 1 8 44 93.0 9 (D 1,1,1) (S 41,20,21) (S 19,7,8) (S 4,8,8) (S 8,14,14) (S 44,17,13) (S 26,7,6) (S 29,12,17) (D 1,1,1)
