458.0
11
761695900
622714540
0 1 1 27 33.0 7 (D 1,1,1) (S 1,2,2) (S 2,4,4) (S 40,4,19) (S 21,12,19) (S 30,5,9) (D 1,1,1)
0 1 2 27 70.0 10 (D 1,1,1) (S 44,1,15) (S 43,15,20) (S 16,18,21) (S 9,21,21) (S 18,21,25) (S 23,25,26) (S 12,8,24) (S 11,24,24) (D 1,1,1)
0 1 3 27 60.0 7 (D 1,1,1) (S 19,1,3) (S 42,3,4) (S 45,5,6) (S 36,6,7) (S 39,10,11) (D 1,1,1)
0 1 4 26 51.0 7 (D 1,1,1) (S 24,12,13) (S 34,13,14) (S 6,14,14) (S 32,14,16) (S 7,16,16) (D 1,1,1)
0 1 5 26 35.0 7 (D 1,1,1) (S 15,2,12) (S 29,1,19) (S 26,4,10) (S 31,6,8) (S 35,8,27) (D 1,1,1)
0 1 6 26 30.0 6 (D 1,1,1) (S 46,24,27) (S 5,8,8) (S 3,6,6) (S 22,3,6) (D 1,1,1)
0 1 7 23 40.0 6 (D 1,1,1) (S 17,1,27) (S 13,26,27) (S 41,23,26) (S 14,23,24) (D 1,1,1)
0 1 8 22 28.0 5 (D 1,1,1) (S 37,1,17) (S 28,15,17) (S 33,13,15) (D 1,1,1)
0 1 9 23 39.0 5 (D 1,1,1) (S 20,3,8) (S 25,6,10) (S 4,7,7) (D 1,1,1)
0 1 10 23 40.0 5 (D 1,1,1) (S 10,22,22) (S 38,18,25) (S 27,21,23) (D 1,1,1)
0 1 11 8 32.0 3 (D 1,1,1) (S 8,20,20) (D 1,1,1)
