675.0
7
74771340
69469680
0 1 1 35 82.0 5 (D 1,1,1) (S 19,1,4) (S 17,4,10) (S 4,5,5) (D 1,1,1)
0 1 2 35 66.0 6 (D 1,1,1) (S 7,1,3) (S 2,3,3) (S 12,1,2) (S 11,2,3) (D 1,1,1)
0 1 3 30 230.0 9 (D 1,1,1) (S 20,2,8) (S 13,8,9) (S 5,9,9) (S 9,8,12) (S 16,6,12) (S 21,11,13) (S 15,7,9) (D 1,1,1)
0 1 4 24 10.0 3 (D 1,1,1) (S 1,2,2) (D 1,1,1)
0 1 5 31 106.0 4 (D 1,1,1) (S 3,4,4) (S 8,4,11) (D 1,1,1)
0 1 6 28 102.0 4 (D 1,1,1) (S 18,6,10) (S 14,10,11) (D 1,1,1)
0 1 7 29 79.0 4 (D 1,1,1) (S 6,12,12) (S 10,11,12) (D 1,1,1)
