588.0
7
219958900
217014560
0 1 1 41 69.0 5 (D 1,1,1) (S 12,7,8) (S 17,2,8) (S 5,8,8) (D 1,1,1)
0 1 2 40 72.0 7 (D 1,1,1) (S 11,1,7) (S 16,7,10) (S 4,7,7) (S 24,1,6) (S 9,6,7) (D 1,1,1)
0 1 3 41 144.0 7 (D 1,1,1) (S 21,1,5) (S 26,5,7) (S 22,6,9) (S 6,9,9) (S 19,9,10) (D 1,1,1)
0 1 4 38 203.0 8 (D 1,1,1) (S 2,4,4) (S 14,4,2) (S 20,2,3) (S 8,3,8) (S 7,8,10) (S 13,3,7) (D 1,1,1)
0 1 5 40 36.0 6 (D 1,1,1) (S 10,4,1) (S 23,4,5) (S 3,5,5) (S 25,3,6) (D 1,1,1)
0 1 6 25 46.0 4 (D 1,1,1) (S 18,5,6) (S 15,3,1) (D 1,1,1)
0 1 7 20 18.0 3 (D 1,1,1) (S 1,2,2) (D 1,1,1)
