223.0
8
514731979
511131459
0 1 1 27 29.0 8 (D 1,1,1) (S 32,1,9) (S 3,4,4) (S 23,4,11) (S 9,7,10) (S 4,5,5) (S 15,2,11) (D 1,1,1)
0 1 2 27 22.0 6 (D 1,1,1) (S 17,1,11) (S 13,1,7) (S 2,3,3) (S 29,3,9) (D 1,1,1)
0 1 3 27 33.0 9 (D 1,1,1) (S 5,6,6) (S 25,6,9) (S 31,9,11) (S 14,7,11) (S 1,2,2) (S 35,2,3) (S 26,3,5) (D 1,1,1)
0 1 4 26 37.0 6 (D 1,1,1) (S 28,1,2) (S 34,2,5) (S 24,5,7) (S 11,7,9) (D 1,1,1)
0 1 5 26 30.0 7 (D 1,1,1) (S 12,1,3) (S 21,3,11) (S 19,1,4) (S 16,4,5) (S 22,5,8) (D 1,1,1)
0 1 6 27 15.0 6 (D 1,1,1) (S 6,8,8) (S 30,5,10) (S 7,10,10) (S 33,2,8) (D 1,1,1)
0 1 7 25 29.0 6 (D 1,1,1) (S 8,6,7) (S 37,2,4) (S 20,4,6) (S 18,6,8) (D 1,1,1)
0 1 8 20 28.0 5 (D 1,1,1) (S 27,5,11) (S 36,4,9) (S 10,9,10) (D 1,1,1)
