585.0
7
120543499
116747820
0 1 1 39 75.0 6 (D 1,1,1) (S 21,1,7) (S 6,7,7) (S 15,7,10) (S 11,7,8) (D 1,1,1)
0 1 2 40 167.0 6 (D 1,1,1) (S 3,4,4) (S 23,4,2) (S 10,2,8) (S 18,8,10) (D 1,1,1)
0 1 3 35 151.0 7 (D 1,1,1) (S 17,1,5) (S 20,5,7) (S 5,6,6) (S 8,6,9) (S 14,9,10) (D 1,1,1)
0 1 4 35 99.0 5 (D 1,1,1) (S 22,1,8) (S 19,8,9) (S 7,9,9) (D 1,1,1)
0 1 5 38 55.0 6 (D 1,1,1) (S 9,4,3) (S 2,3,3) (S 13,3,6) (S 16,3,1) (D 1,1,1)
0 1 6 27 20.0 4 (D 1,1,1) (S 12,4,1) (S 4,5,5) (D 1,1,1)
0 1 7 31 18.0 3 (D 1,1,1) (S 1,2,2) (D 1,1,1)
