175.0
8
262959479
251624939
0 1 1 27 12.0 6 (D 1,1,1) (S 30,1,11) (S 10,11,11) (S 6,7,7) (S 11,7,10) (D 1,1,1)
0 1 2 27 28.0 7 (D 1,1,1) (S 21,1,3) (S 26,3,9) (S 8,9,9) (S 16,4,10) (S 9,10,10) (D 1,1,1)
0 1 3 27 34.0 7 (D 1,1,1) (S 2,3,3) (S 22,3,11) (S 15,2,11) (S 19,3,4) (S 20,2,3) (D 1,1,1)
0 1 4 27 24.0 7 (D 1,1,1) (S 4,5,5) (S 13,5,11) (S 27,1,6) (S 5,6,6) (S 18,6,7) (D 1,1,1)
0 1 5 27 20.0 5 (D 1,1,1) (S 24,6,10) (S 1,2,2) (S 12,4,8) (D 1,1,1)
0 1 6 25 17.0 6 (D 1,1,1) (S 7,8,8) (S 17,2,4) (S 14,4,5) (S 25,5,8) (D 1,1,1)
0 1 7 25 36.0 6 (D 1,1,1) (S 28,5,10) (S 31,6,8) (S 23,4,9) (S 29,9,10) (D 1,1,1)
0 1 8 20 4.0 3 (D 1,1,1) (S 3,4,4) (D 1,1,1)
