318
6
64474
3365842
0 1 1 5 inf 7 (D 0,1,1) (S 1,2,3) (S 18,5,3) (S 24,3,3) (S 17,3,4) (S 23,4,4) (D 0,1,1)
0 1 2 5 inf 7 (D 0,1,1) (S 2,2,4) (S 13,1,4) (S 3,2,9) (S 12,1,2) (S 26,2,2) (D 0,1,1)
0 1 3 5 inf 7 (D 0,1,1) (S 4,5,6) (S 20,12,6) (S 14,1,7) (S 29,7,7) (S 19,7,6) (D 0,1,1)
0 1 4 5 inf 7 (D 0,1,1) (S 5,5,11) (S 9,8,11) (S 11,10,11) (S 22,9,11) (S 27,11,11) (D 0,1,1)
0 1 5 4 inf 6 (D 0,1,1) (S 6,5,12) (S 8,7,12) (S 16,1,12) (S 28,12,12) (D 0,1,1)
0 1 6 5 inf 7 (D 0,1,1) (S 7,7,8) (S 10,9,10) (S 15,1,10) (S 21,8,10) (S 25,10,10) (D 0,1,1)
