18936
29
207854393
53232742838
0 1 1 0 542 8 (D 0,1,1) (S 129,0,0) (S 21,0,0) (S 131,0,0) (S 128,0,0) (S 145,0,0) (S 25,0,0) (D 0,1,1)
0 1 2 0 1083 13 (D 0,1,1) (S 126,0,0) (S 158,0,0) (S 185,0,0) (S 184,0,0) (S 203,0,0) (S 212,0,0) (S 52,0,0) (S 61,0,0) (S 202,0,0) (S 51,0,0) (S 201,0,0) (D 0,1,1)
0 1 3 0 670 10 (D 0,1,1) (S 79,0,0) (S 65,0,0) (S 187,0,0) (S 182,0,0) (S 186,0,0) (S 168,0,0) (S 130,0,0) (S 157,0,0) (D 0,1,1)
0 1 4 0 541 9 (D 0,1,1) (S 194,0,0) (S 167,0,0) (S 59,0,0) (S 60,0,0) (S 67,0,0) (S 50,0,0) (S 200,0,0) (D 0,1,1)
0 1 5 0 856 13 (D 0,1,1) (S 110,0,0) (S 144,0,0) (S 26,0,0) (S 33,0,0) (S 36,0,0) (S 160,0,0) (S 159,0,0) (S 37,0,0) (S 169,0,0) (S 161,0,0) (S 147,0,0) (D 0,1,1)
0 1 6 0 744 8 (D 0,1,1) (S 172,0,0) (S 173,0,0) (S 44,0,0) (S 53,0,0) (S 54,0,0) (S 174,0,0) (D 0,1,1)
0 1 7 0 675 9 (D 0,1,1) (S 40,0,0) (S 45,0,0) (S 195,0,0) (S 193,0,0) (S 47,0,0) (S 57,0,0) (S 208,0,0) (D 0,1,1)
0 1 8 0 837 7 (D 0,1,1) (S 12,0,0) (S 77,0,0) (S 78,0,0) (S 13,0,0) (S 16,0,0) (D 0,1,1)
0 1 9 0 787 12 (D 0,1,1) (S 27,0,0) (S 192,0,0) (S 55,0,0) (S 56,0,0) (S 205,0,0) (S 188,0,0) (S 204,0,0) (S 38,0,0) (S 39,0,0) (S 162,0,0) (D 0,1,1)
0 1 10 0 442 8 (D 0,1,1) (S 125,0,0) (S 30,0,0) (S 142,0,0) (S 156,0,0) (S 31,0,0) (S 32,0,0) (D 0,1,1)
0 1 11 0 872 10 (D 0,1,1) (S 152,0,0) (S 198,0,0) (S 48,0,0) (S 49,0,0) (S 43,0,0) (S 70,0,0) (S 181,0,0) (S 183,0,0) (D 0,1,1)
0 1 12 0 436 6 (D 0,1,1) (S 15,0,0) (S 19,0,0) (S 20,0,0) (S 108,0,0) (D 0,1,1)
0 1 13 0 732 9 (D 0,1,1) (S 100,0,0) (S 92,0,0) (S 111,0,0) (S 4,0,0) (S 105,0,0) (S 62,0,0) (S 104,0,0) (D 0,1,1)
0 1 14 0 783 11 (D 0,1,1) (S 139,0,0) (S 153,0,0) (S 127,0,0) (S 179,0,0) (S 146,0,0) (S 170,0,0) (S 180,0,0) (S 34,0,0) (S 171,0,0) (D 0,1,1)
0 1 15 0 543 8 (D 0,1,1) (S 75,0,0) (S 11,0,0) (S 101,0,0) (S 63,0,0) (S 103,0,0) (S 102,0,0) (D 0,1,1)
0 1 16 0 861 12 (D 0,1,1) (S 23,0,0) (S 163,0,0) (S 191,0,0) (S 207,0,0) (S 196,0,0) (S 190,0,0) (S 189,0,0) (S 206,0,0) (S 68,0,0) (S 175,0,0) (D 0,1,1)
0 1 17 0 541 7 (D 0,1,1) (S 116,0,0) (S 28,0,0) (S 41,0,0) (S 46,0,0) (S 176,0,0) (D 0,1,1)
0 1 18 0 485 9 (D 0,1,1) (S 137,0,0) (S 177,0,0) (S 35,0,0) (S 66,0,0) (S 165,0,0) (S 166,0,0) (S 42,0,0) (D 0,1,1)
0 1 19 0 861 12 (D 0,1,1) (S 18,0,0) (S 164,0,0) (S 197,0,0) (S 178,0,0) (S 69,0,0) (S 209,0,0) (S 210,0,0) (S 199,0,0) (S 211,0,0) (S 58,0,0) (D 0,1,1)
0 1 20 0 613 9 (D 0,1,1) (S 117,0,0) (S 64,0,0) (S 24,0,0) (S 141,0,0) (S 121,0,0) (S 154,0,0) (S 140,0,0) (D 0,1,1)
0 1 21 0 1195 10 (D 0,1,1) (S 118,0,0) (S 120,0,0) (S 122,0,0) (S 124,0,0) (S 29,0,0) (S 123,0,0) (S 143,0,0) (S 155,0,0) (D 0,1,1)
0 1 22 0 533 11 (D 0,1,1) (S 115,0,0) (S 109,0,0) (S 119,0,0) (S 138,0,0) (S 134,0,0) (S 22,0,0) (S 148,0,0) (S 149,0,0) (S 150,0,0) (D 0,1,1)
0 1 23 0 559 8 (D 0,1,1) (S 85,0,0) (S 10,0,0) (S 5,0,0) (S 90,0,0) (S 3,0,0) (S 74,0,0) (D 0,1,1)
0 1 24 0 378 7 (D 0,1,1) (S 8,0,0) (S 9,0,0) (S 97,0,0) (S 106,0,0) (S 107,0,0) (D 0,1,1)
0 1 25 0 661 11 (D 0,1,1) (S 84,0,0) (S 98,0,0) (S 76,0,0) (S 91,0,0) (S 99,0,0) (S 88,0,0) (S 89,0,0) (S 86,0,0) (S 87,0,0) (D 0,1,1)
0 1 26 0 675 10 (D 0,1,1) (S 114,0,0) (S 17,0,0) (S 136,0,0) (S 151,0,0) (S 135,0,0) (S 132,0,0) (S 133,0,0) (S 95,0,0) (D 0,1,1)
0 1 27 0 494 8 (D 0,1,1) (S 93,0,0) (S 7,0,0) (S 112,0,0) (S 113,0,0) (S 14,0,0) (S 96,0,0) (D 0,1,1)
0 1 28 0 341 9 (D 0,1,1) (S 81,0,0) (S 2,0,0) (S 82,0,0) (S 73,0,0) (S 83,0,0) (S 1,0,0) (S 72,0,0) (D 0,1,1)
0 1 29 0 196 6 (D 0,1,1) (S 6,0,0) (S 94,0,0) (S 71,0,0) (S 80,0,0) (D 0,1,1)
