701.0
7
10563700
6528060
0 1 1 31 109.0 5 (D 1,1,1) (S 1,2,2) (S 8,2,8) (S 16,1,5) (D 1,1,1)
0 1 2 34 171.0 8 (D 1,1,1) (S 2,7,7) (S 20,8,9) (S 3,9,9) (S 5,11,11) (S 11,11,13) (S 17,8,12) (D 1,1,1)
0 1 3 30 104.0 4 (D 1,1,1) (S 4,10,10) (S 13,4,11) (D 1,1,1)
0 1 4 35 127.0 6 (D 1,1,1) (S 6,12,12) (S 21,6,12) (S 22,6,10) (S 14,3,6) (D 1,1,1)
0 1 5 34 84.0 5 (D 1,1,1) (S 7,4,5) (S 10,5,10) (S 12,4,10) (D 1,1,1)
0 1 6 20 46.0 4 (D 1,1,1) (S 9,2,6) (S 19,1,3) (D 1,1,1)
0 1 7 28 60.0 4 (D 1,1,1) (S 15,2,3) (S 18,1,4) (D 1,1,1)
