690.0
9
35168700
12680780
0 1 1 39 50.0 7 (D 1,1,1) (S 1,2,2) (S 3,4,4) (S 4,5,5) (S 30,5,11) (S 31,1,3) (D 1,1,1)
0 1 2 40 60.0 8 (D 1,1,1) (S 2,3,3) (S 24,3,4) (S 8,9,9) (S 21,9,10) (S 28,9,3) (S 43,3,1) (D 1,1,1)
0 1 3 37 112.0 7 (D 1,1,1) (S 5,6,6) (S 6,7,7) (S 7,8,8) (S 36,16,12) (S 44,11,10) (D 1,1,1)
0 1 4 39 112.0 8 (D 1,1,1) (S 9,12,12) (S 26,12,6) (S 22,11,15) (S 11,15,15) (S 41,15,21) (S 27,21,15) (D 1,1,1)
0 1 5 38 95.0 10 (D 1,1,1) (S 10,14,14) (S 23,17,18) (S 13,18,18) (S 33,14,13) (S 42,13,17) (S 35,17,13) (S 12,16,16) (S 32,16,15) (D 1,1,1)
0 1 6 40 65.0 5 (D 1,1,1) (S 14,20,20) (S 25,20,21) (S 17,23,23) (D 1,1,1)
0 1 7 35 104.0 8 (D 1,1,1) (S 15,21,21) (S 18,24,24) (S 40,24,21) (S 34,10,20) (S 29,10,11) (S 39,11,5) (D 1,1,1)
0 1 8 36 80.0 6 (D 1,1,1) (S 16,22,22) (S 20,19,22) (S 37,19,20) (S 38,19,9) (D 1,1,1)
0 1 9 6 12.0 3 (D 1,1,1) (S 19,1,2) (D 1,1,1)
