470.0
11
29250200
9588320
0 1 1 24 48.0 6 (D 1,1,1) (S 1,3,3) (S 29,3,4) (S 41,3,6) (S 26,2,12) (D 1,1,1)
0 1 2 25 45.0 6 (D 1,1,1) (S 2,4,4) (S 34,4,10) (S 6,10,10) (S 27,7,11) (D 1,1,1)
0 1 3 27 52.0 7 (D 1,1,1) (S 3,5,5) (S 30,5,6) (S 32,4,6) (S 40,6,7) (S 5,8,8) (D 1,1,1)
0 1 4 21 22.0 3 (D 1,1,1) (S 4,6,6) (D 1,1,1)
0 1 5 25 49.0 7 (D 1,1,1) (S 7,14,14) (S 25,14,20) (S 21,14,18) (S 19,13,14) (S 22,12,13) (D 1,1,1)
0 1 6 22 40.0 5 (D 1,1,1) (S 8,15,15) (S 18,15,20) (S 9,17,17) (D 1,1,1)
0 1 7 24 60.0 6 (D 1,1,1) (S 10,18,18) (S 37,18,21) (S 39,25,26) (S 24,13,15) (D 1,1,1)
0 1 8 27 54.0 7 (D 1,1,1) (S 11,19,19) (S 35,20,21) (S 12,21,21) (S 28,21,22) (S 17,21,23) (D 1,1,1)
0 1 9 25 36.0 7 (D 1,1,1) (S 13,22,22) (S 23,22,23) (S 14,23,23) (S 31,23,24) (S 16,27,27) (D 1,1,1)
0 1 10 18 21.0 4 (D 1,1,1) (S 15,24,24) (S 20,26,27) (D 1,1,1)
0 1 11 11 43.0 5 (D 1,1,1) (S 33,16,17) (S 36,1,3) (S 38,2,1) (D 1,1,1)
