228.0
7
12812800
9348780
0 1 1 25 36.0 6 (D 1,1,1) (S 2,3,3) (S 11,1,9) (S 10,2,5) (S 8,2,4) (D 1,1,1)
0 1 2 22 48.0 7 (D 1,1,1) (S 14,2,9) (S 16,3,5) (S 9,5,7) (S 24,7,8) (S 18,1,7) (D 1,1,1)
0 1 3 27 28.0 7 (D 1,1,1) (S 3,4,4) (S 15,4,9) (S 6,8,8) (S 12,8,10) (S 7,10,10) (D 1,1,1)
0 1 4 18 33.0 6 (D 1,1,1) (S 20,7,9) (S 5,7,7) (S 4,5,5) (S 28,3,11) (D 1,1,1)
0 1 5 27 30.0 6 (D 1,1,1) (S 13,9,10) (S 17,1,11) (S 27,1,2) (S 26,1,6) (D 1,1,1)
0 1 6 26 29.0 6 (D 1,1,1) (S 21,6,9) (S 23,6,11) (S 19,6,10) (S 1,2,2) (D 1,1,1)
0 1 7 9 24.0 4 (D 1,1,1) (S 25,2,6) (S 22,6,7) (D 1,1,1)
