112
7
49772030
48154979
0 1 1 0 2 3 (D 0,1,1) (S 15,0,0) (D 0,1,1)
0 1 2 0 25 5 (D 0,1,1) (S 5,0,0) (S 19,0,0) (S 21,0,0) (D 0,1,1)
0 1 3 0 24 8 (D 0,1,1) (S 13,0,0) (S 4,0,0) (S 23,0,0) (S 24,0,0) (S 8,0,0) (S 20,0,0) (D 0,1,1)
0 1 4 0 24 7 (D 0,1,1) (S 9,0,0) (S 12,0,0) (S 18,0,0) (S 6,0,0) (S 11,0,0) (D 0,1,1)
0 1 5 0 7 4 (D 0,1,1) (S 3,0,0) (S 14,0,0) (D 0,1,1)
0 1 6 0 4 4 (D 0,1,1) (S 1,0,0) (S 22,0,0) (D 0,1,1)
0 1 7 0 26 7 (D 0,1,1) (S 2,0,0) (S 7,0,0) (S 17,0,0) (S 16,0,0) (S 10,0,0) (D 0,1,1)
