232.0
11
10389680
8187619
0 1 1 24 2.0 3 (D 1,1,1) (S 1,2,2) (D 1,1,1)
0 1 2 27 24.0 7 (D 1,1,1) (S 2,3,3) (S 4,5,5) (S 22,3,7) (S 29,3,6) (S 26,3,8) (D 1,1,1)
0 1 3 25 2.0 3 (D 1,1,1) (S 3,4,4) (D 1,1,1)
0 1 4 26 16.0 5 (D 1,1,1) (S 5,6,6) (S 12,2,3) (S 11,1,8) (D 1,1,1)
0 1 5 26 37.0 7 (D 1,1,1) (S 6,7,7) (S 39,7,10) (S 32,5,9) (S 21,7,11) (S 19,5,8) (D 1,1,1)
0 1 6 25 11.0 4 (D 1,1,1) (S 7,8,8) (S 15,8,10) (D 1,1,1)
0 1 7 20 4.0 3 (D 1,1,1) (S 8,9,9) (D 1,1,1)
0 1 8 20 14.0 5 (D 1,1,1) (S 9,11,11) (S 14,4,10) (S 28,10,11) (D 1,1,1)
0 1 9 25 37.0 8 (D 1,1,1) (S 10,3,11) (S 24,1,6) (S 13,2,5) (S 23,1,5) (S 37,1,3) (S 34,1,9) (D 1,1,1)
0 1 10 23 37.0 7 (D 1,1,1) (S 16,5,6) (S 20,6,7) (S 33,6,9) (S 27,6,11) (S 17,1,2) (D 1,1,1)
0 1 11 25 48.0 9 (D 1,1,1) (S 18,3,4) (S 31,4,5) (S 36,4,6) (S 38,4,9) (S 25,1,10) (S 35,1,7) (S 30,5,10) (D 1,1,1)
