184.0
7
5992840
3986779
0 1 1 26 8.0 5 (D 1,1,1) (S 21,2,8) (S 12,2,3) (S 1,2,2) (D 1,1,1)
0 1 2 13 25.0 6 (D 1,1,1) (S 11,1,2) (S 24,4,7) (S 23,1,8) (S 22,3,10) (D 1,1,1)
0 1 3 24 40.0 6 (D 1,1,1) (S 2,3,3) (S 27,3,5) (S 17,7,10) (S 13,4,9) (D 1,1,1)
0 1 4 24 33.0 9 (D 1,1,1) (S 4,5,5) (S 14,5,7) (S 25,7,8) (S 3,4,4) (S 7,8,8) (S 6,7,7) (S 10,7,11) (D 1,1,1)
0 1 5 25 24.0 5 (D 1,1,1) (S 9,10,10) (S 5,6,6) (S 20,6,7) (D 1,1,1)
0 1 6 22 31.0 6 (D 1,1,1) (S 15,1,3) (S 8,9,9) (S 16,6,11) (S 19,1,7) (D 1,1,1)
0 1 7 20 23.0 5 (D 1,1,1) (S 26,2,5) (S 28,3,11) (S 18,1,11) (D 1,1,1)
