537.0
9
34553540
16813160
0 1 1 39 53.0 8 (D 1,1,1) (S 1,2,2) (S 26,2,10) (S 40,10,2) (S 32,9,19) (S 2,3,3) (S 23,3,4) (D 1,1,1)
0 1 2 35 33.0 4 (D 1,1,1) (S 3,6,6) (S 46,11,1) (D 1,1,1)
0 1 3 45 62.0 7 (D 1,1,1) (S 4,7,7) (S 5,8,8) (S 18,7,13) (S 38,7,6) (S 19,6,11) (D 1,1,1)
0 1 4 45 115.0 8 (D 1,1,1) (S 6,12,12) (S 25,12,16) (S 34,1,9) (S 36,19,22) (S 37,5,6) (S 44,4,5) (D 1,1,1)
0 1 5 45 81.0 10 (D 1,1,1) (S 7,13,13) (S 42,13,17) (S 12,18,18) (S 8,14,14) (S 9,15,15) (S 39,15,20) (S 29,5,4) (S 33,1,11) (D 1,1,1)
0 1 6 44 73.0 10 (D 1,1,1) (S 10,16,16) (S 41,17,16) (S 35,16,17) (S 11,17,17) (S 45,17,18) (S 28,20,21) (S 16,21,23) (S 31,20,15) (D 1,1,1)
0 1 7 34 34.0 5 (D 1,1,1) (S 13,19,19) (S 43,19,9) (S 24,1,20) (D 1,1,1)
0 1 8 33 38.0 6 (D 1,1,1) (S 14,21,21) (S 15,23,23) (S 22,22,23) (S 27,24,21) (D 1,1,1)
0 1 9 38 48.0 6 (D 1,1,1) (S 17,2,5) (S 21,5,11) (S 30,1,19) (S 20,1,5) (D 1,1,1)
