188.0
6
9921100
8238299
0 1 1 26 41.0 7 (D 1,1,1) (S 13,1,9) (S 17,2,6) (S 24,6,7) (S 9,2,4) (S 12,1,6) (D 1,1,1)
0 1 2 21 32.0 5 (D 1,1,1) (S 18,1,3) (S 25,3,6) (S 22,3,4) (D 1,1,1)
0 1 3 27 31.0 7 (D 1,1,1) (S 3,4,4) (S 20,2,3) (S 15,3,8) (S 7,8,8) (S 5,6,6) (D 1,1,1)
0 1 4 28 45.0 7 (D 1,1,1) (S 4,5,5) (S 10,5,8) (S 14,5,9) (S 19,6,9) (S 11,4,5) (D 1,1,1)
0 1 5 19 16.0 5 (D 1,1,1) (S 1,2,2) (S 23,2,7) (S 8,7,8) (D 1,1,1)
0 1 6 32 23.0 6 (D 1,1,1) (S 21,4,9) (S 2,3,3) (S 6,7,7) (S 16,4,8) (D 1,1,1)
