231.0
8
279693260
267098439
0 1 1 27 45.0 9 (D 1,1,1) (S 24,1,3) (S 21,3,4) (S 12,4,8) (S 4,5,5) (S 10,1,2) (S 30,2,8) (S 16,8,9) (D 1,1,1)
0 1 2 27 25.0 7 (D 1,1,1) (S 8,1,4) (S 15,4,10) (S 2,3,3) (S 20,7,11) (S 34,1,5) (D 1,1,1)
0 1 3 27 17.0 7 (D 1,1,1) (S 26,1,11) (S 1,2,2) (S 11,2,3) (S 6,7,7) (S 7,2,7) (D 1,1,1)
0 1 4 27 46.0 9 (D 1,1,1) (S 25,1,8) (S 29,1,7) (S 27,7,9) (S 18,4,6) (S 32,6,9) (S 33,9,11) (S 36,2,11) (D 1,1,1)
0 1 5 27 18.0 6 (D 1,1,1) (S 37,1,9) (S 3,4,4) (S 19,4,9) (S 38,4,7) (D 1,1,1)
0 1 6 26 23.0 6 (D 1,1,1) (S 5,6,6) (S 13,6,8) (S 14,5,7) (S 22,5,8) (D 1,1,1)
0 1 7 24 22.0 5 (D 1,1,1) (S 31,1,10) (S 17,3,11) (S 23,3,10) (D 1,1,1)
0 1 8 20 35.0 5 (D 1,1,1) (S 28,5,11) (S 35,2,9) (S 9,9,10) (D 1,1,1)
