788.0
9
23794400
9537080
0 1 1 13 12.0 4 (D 1,1,1) (S 1,2,2) (S 13,1,2) (D 1,1,1)
0 1 2 34 81.0 6 (D 1,1,1) (S 2,3,3) (S 17,9,10) (S 36,9,3) (S 40,9,19) (D 1,1,1)
0 1 3 35 46.0 5 (D 1,1,1) (S 3,5,5) (S 7,11,11) (S 18,4,5) (D 1,1,1)
0 1 4 40 101.0 8 (D 1,1,1) (S 4,6,6) (S 5,7,7) (S 25,8,7) (S 14,17,18) (S 10,18,18) (S 9,16,16) (D 1,1,1)
0 1 5 38 101.0 7 (D 1,1,1) (S 6,10,10) (S 11,20,20) (S 15,20,21) (S 23,23,22) (S 38,22,23) (D 1,1,1)
0 1 6 39 111.0 10 (D 1,1,1) (S 8,12,12) (S 34,12,11) (S 20,11,15) (S 44,15,16) (S 39,15,21) (S 12,21,21) (S 35,11,5) (S 30,1,3) (D 1,1,1)
0 1 7 40 120.0 9 (D 1,1,1) (S 16,8,14) (S 28,12,6) (S 37,14,18) (S 31,14,13) (S 27,13,17) (S 45,17,13) (S 33,16,12) (D 1,1,1)
0 1 8 36 87.0 6 (D 1,1,1) (S 19,3,4) (S 21,19,22) (S 22,19,20) (S 42,19,9) (D 1,1,1)
0 1 9 35 129.0 8 (D 1,1,1) (S 24,24,23) (S 43,23,20) (S 41,20,23) (S 26,23,24) (S 29,24,21) (S 32,10,11) (D 1,1,1)
