624.0
7
9769760
7692439
0 1 1 28 45.0 6 (D 1,1,1) (S 16,2,3) (S 2,3,3) (S 17,3,6) (S 14,2,5) (D 1,1,1)
0 1 2 34 53.0 6 (D 1,1,1) (S 22,3,7) (S 5,6,6) (S 11,6,7) (S 24,3,1) (D 1,1,1)
0 1 3 39 23.0 5 (D 1,1,1) (S 3,4,4) (S 18,4,5) (S 19,4,1) (D 1,1,1)
0 1 4 34 185.0 6 (D 1,1,1) (S 4,5,5) (S 8,5,7) (S 10,7,8) (S 9,7,9) (D 1,1,1)
0 1 5 35 30.0 4 (D 1,1,1) (S 6,7,7) (S 7,9,9) (D 1,1,1)
0 1 6 41 138.0 6 (D 1,1,1) (S 20,1,8) (S 12,8,9) (S 13,5,6) (S 21,1,7) (D 1,1,1)
0 1 7 34 150.0 5 (D 1,1,1) (S 15,2,1) (S 23,8,10) (S 1,2,2) (D 1,1,1)
