195.0
7
9814420
7908599
0 1 1 26 16.0 4 (D 1,1,1) (S 1,2,2) (S 11,2,9) (D 1,1,1)
0 1 2 26 62.0 7 (D 1,1,1) (S 2,4,4) (S 21,4,9) (S 20,2,5) (S 24,3,6) (S 8,1,3) (D 1,1,1)
0 1 3 26 40.0 7 (D 1,1,1) (S 3,6,6) (S 10,6,9) (S 22,6,7) (S 23,6,10) (S 18,1,10) (D 1,1,1)
0 1 4 22 6.0 4 (D 1,1,1) (S 4,7,7) (S 7,11,11) (D 1,1,1)
0 1 5 23 28.0 6 (D 1,1,1) (S 14,8,10) (S 5,8,8) (S 13,3,5) (S 19,3,11) (D 1,1,1)
0 1 6 15 8.0 3 (D 1,1,1) (S 6,9,9) (D 1,1,1)
0 1 7 16 35.0 7 (D 1,1,1) (S 9,5,7) (S 17,1,7) (S 16,1,5) (S 15,3,10) (S 12,1,2) (D 1,1,1)
