5050
11
915314044
891801078
0 1 1 0 572 8 (D 0,1,1) (S 63,0,0) (S 30,0,0) (S 58,0,0) (S 16,0,0) (S 57,0,0) (S 56,0,0) (D 0,1,1)
0 1 2 0 511 7 (D 0,1,1) (S 13,0,0) (S 59,0,0) (S 14,0,0) (S 25,0,0) (S 62,0,0) (D 0,1,1)
0 1 3 0 590 10 (D 0,1,1) (S 39,0,0) (S 34,0,0) (S 35,0,0) (S 7,0,0) (S 22,0,0) (S 38,0,0) (S 6,0,0) (S 9,0,0) (D 0,1,1)
0 1 4 0 383 6 (D 0,1,1) (S 20,0,0) (S 2,0,0) (S 19,0,0) (S 1,0,0) (D 0,1,1)
0 1 5 0 343 8 (D 0,1,1) (S 18,0,0) (S 17,0,0) (S 33,0,0) (S 4,0,0) (S 3,0,0) (S 36,0,0) (D 0,1,1)
0 1 6 0 517 9 (D 0,1,1) (S 52,0,0) (S 28,0,0) (S 12,0,0) (S 53,0,0) (S 40,0,0) (S 43,0,0) (S 50,0,0) (D 0,1,1)
0 1 7 0 624 9 (D 0,1,1) (S 27,0,0) (S 24,0,0) (S 49,0,0) (S 23,0,0) (S 42,0,0) (S 48,0,0) (S 46,0,0) (D 0,1,1)
0 1 8 0 531 8 (D 0,1,1) (S 47,0,0) (S 55,0,0) (S 61,0,0) (S 31,0,0) (S 51,0,0) (S 45,0,0) (D 0,1,1)
0 1 9 0 408 8 (D 0,1,1) (S 15,0,0) (S 32,0,0) (S 54,0,0) (S 60,0,0) (S 29,0,0) (S 26,0,0) (D 0,1,1)
0 1 10 0 348 6 (D 0,1,1) (S 5,0,0) (S 41,0,0) (S 21,0,0) (S 37,0,0) (D 0,1,1)
0 1 11 0 223 6 (D 0,1,1) (S 8,0,0) (S 44,0,0) (S 11,0,0) (S 10,0,0) (D 0,1,1)
