54104.0
79
6279386960
2872680580
0 1 1 117 882.0 7 (D 1,1,1) (S 1,27,27) (S 3,25,25) (S 13,28,28) (S 16,30,30) (S 130,79,81) (D 1,1,1)
0 1 2 105 624.0 6 (D 1,1,1) (S 2,105,105) (S 25,63,63) (S 150,63,93) (S 152,94,95) (D 1,1,1)
0 1 3 119 952.0 9 (D 1,1,1) (S 4,14,14) (S 39,13,14) (S 229,14,13) (S 27,16,16) (S 234,16,13) (S 233,17,13) (S 235,18,17) (D 1,1,1)
0 1 4 117 280.0 8 (D 1,1,1) (S 5,122,122) (S 15,87,87) (S 19,86,86) (S 191,120,121) (S 187,119,120) (S 377,120,119) (D 1,1,1)
0 1 5 110 577.0 5 (D 1,1,1) (S 6,46,46) (S 124,74,76) (S 314,76,74) (D 1,1,1)
0 1 6 119 545.0 4 (D 1,1,1) (S 7,109,109) (S 171,108,109) (D 1,1,1)
0 1 7 118 516.0 11 (D 1,1,1) (S 8,133,133) (S 206,126,131) (S 397,132,131) (S 207,131,132) (S 398,133,132) (S 208,132,133) (S 210,133,135) (S 209,133,134) (S 30,136,136) (D 1,1,1)
0 1 8 112 1096.0 6 (D 1,1,1) (S 9,22,22) (S 49,20,21) (S 50,20,22) (S 240,22,20) (D 1,1,1)
0 1 9 113 390.0 5 (D 1,1,1) (S 10,81,81) (S 321,81,80) (S 323,83,82) (D 1,1,1)
0 1 10 115 1171.0 6 (D 1,1,1) (S 11,21,21) (S 239,21,20) (S 52,20,24) (S 38,12,13) (D 1,1,1)
0 1 11 120 560.0 8 (D 1,1,1) (S 12,135,135) (S 401,135,134) (S 211,134,135) (S 400,135,133) (S 399,134,133) (S 215,131,138) (D 1,1,1)
0 1 12 116 1076.0 11 (D 1,1,1) (S 14,10,10) (S 225,10,9) (S 35,9,10) (S 231,16,15) (S 41,15,16) (S 230,15,10) (S 40,10,15) (S 47,10,19) (S 236,19,18) (D 1,1,1)
0 1 13 107 617.0 9 (D 1,1,1) (S 17,69,69) (S 301,67,66) (S 112,67,68) (S 302,68,67) (S 113,67,69) (S 116,69,71) (S 312,75,71) (D 1,1,1)
0 1 14 103 724.0 5 (D 1,1,1) (S 18,35,35) (S 257,35,34) (S 22,36,36) (D 1,1,1)
0 1 15 119 1029.0 8 (D 1,1,1) (S 20,6,6) (S 222,7,6) (S 223,8,6) (S 224,9,8) (S 37,11,12) (S 119,72,74) (D 1,1,1)
0 1 16 116 934.0 6 (D 1,1,1) (S 21,11,11) (S 219,11,27) (S 65,11,33) (S 118,72,73) (D 1,1,1)
0 1 17 104 328.0 6 (D 1,1,1) (S 23,112,112) (S 178,113,114) (S 188,114,118) (S 181,1,116) (D 1,1,1)
0 1 18 119 475.0 7 (D 1,1,1) (S 24,85,85) (S 337,92,82) (S 147,82,92) (S 336,92,89) (S 338,92,84) (D 1,1,1)
0 1 19 117 537.0 6 (D 1,1,1) (S 26,90,90) (S 141,88,89) (S 331,89,88) (S 334,90,68) (D 1,1,1)
0 1 20 120 698.0 10 (D 1,1,1) (S 28,104,104) (S 153,95,96) (S 154,96,97) (S 155,97,98) (S 345,98,97) (S 156,96,99) (S 158,99,100) (S 348,100,99) (D 1,1,1)
0 1 21 112 821.0 6 (D 1,1,1) (S 29,59,59) (S 103,59,61) (S 66,34,139) (S 100,59,60) (D 1,1,1)
0 1 22 120 1148.0 7 (D 1,1,1) (S 31,5,6) (S 221,6,5) (S 32,6,7) (S 34,8,9) (S 33,6,8) (D 1,1,1)
0 1 23 120 1095.0 7 (D 1,1,1) (S 36,8,11) (S 226,11,8) (S 228,13,12) (S 89,48,50) (S 82,34,45) (D 1,1,1)
0 1 24 120 1149.0 10 (D 1,1,1) (S 42,15,17) (S 232,17,15) (S 45,17,18) (S 46,18,19) (S 237,19,10) (S 44,13,16) (S 48,12,20) (S 43,13,17) (D 1,1,1)
0 1 25 120 1200.0 6 (D 1,1,1) (S 51,21,23) (S 241,23,21) (S 250,30,28) (S 120,73,74) (D 1,1,1)
0 1 26 118 1097.0 5 (D 1,1,1) (S 53,23,24) (S 243,24,23) (S 58,27,28) (D 1,1,1)
0 1 27 120 1162.0 8 (D 1,1,1) (S 54,24,25) (S 55,25,26) (S 244,25,24) (S 242,24,20) (S 249,29,28) (S 81,44,45) (D 1,1,1)
0 1 28 118 1123.0 8 (D 1,1,1) (S 56,23,26) (S 246,26,23) (S 62,26,31) (S 252,31,26) (S 245,26,25) (S 248,28,27) (D 1,1,1)
0 1 29 117 1125.0 8 (D 1,1,1) (S 57,25,27) (S 247,27,25) (S 60,28,30) (S 63,30,32) (S 61,30,31) (S 59,28,29) (D 1,1,1)
0 1 30 117 917.0 5 (D 1,1,1) (S 64,29,33) (S 254,33,29) (S 86,33,139) (D 1,1,1)
0 1 31 120 718.0 8 (D 1,1,1) (S 67,34,35) (S 68,35,36) (S 71,36,38) (S 258,36,35) (S 126,46,77) (S 128,78,79) (D 1,1,1)
0 1 32 119 777.0 11 (D 1,1,1) (S 69,35,37) (S 77,37,42) (S 80,43,44) (S 259,37,35) (S 79,37,43) (S 83,42,47) (S 84,46,47) (S 78,42,43) (S 85,43,46) (D 1,1,1)
0 1 33 119 735.0 4 (D 1,1,1) (S 70,36,37) (S 266,47,41) (D 1,1,1)
0 1 34 117 795.0 11 (D 1,1,1) (S 72,38,39) (S 265,41,38) (S 75,38,41) (S 264,41,40) (S 74,40,41) (S 73,39,40) (S 263,40,39) (S 262,39,38) (S 261,38,36) (D 1,1,1)
0 1 35 119 672.0 4 (D 1,1,1) (S 76,41,47) (S 260,37,36) (D 1,1,1)
0 1 36 116 821.0 6 (D 1,1,1) (S 87,48,139) (S 277,139,48) (S 279,50,48) (S 278,49,48) (D 1,1,1)
0 1 37 120 888.0 9 (D 1,1,1) (S 88,48,49) (S 90,50,51) (S 281,52,51) (S 91,51,52) (S 280,51,50) (S 104,49,61) (S 294,61,49) (D 1,1,1)
0 1 38 120 872.0 9 (D 1,1,1) (S 92,52,53) (S 282,53,52) (S 93,53,140) (S 283,140,53) (S 284,140,49) (S 108,64,65) (S 107,63,64) (D 1,1,1)
0 1 39 116 786.0 11 (D 1,1,1) (S 94,49,140) (S 407,140,55) (S 217,55,140) (S 408,140,54) (S 218,54,140) (S 285,55,54) (S 95,54,55) (S 96,55,56) (S 286,56,55) (D 1,1,1)
0 1 40 119 703.0 6 (D 1,1,1) (S 97,56,57) (S 287,57,56) (S 105,57,62) (S 106,62,63) (D 1,1,1)
0 1 41 117 727.0 9 (D 1,1,1) (S 98,57,58) (S 99,58,59) (S 288,58,57) (S 220,58,70) (S 115,70,71) (S 117,71,72) (S 114,69,70) (D 1,1,1)
0 1 42 116 756.0 6 (D 1,1,1) (S 101,45,60) (S 102,60,61) (S 292,61,60) (S 293,61,59) (D 1,1,1)
0 1 43 115 711.0 10 (D 1,1,1) (S 109,56,65) (S 299,65,56) (S 298,65,64) (S 297,64,63) (S 296,63,62) (S 295,62,57) (S 160,94,101) (S 166,104,105) (D 1,1,1)
0 1 44 119 607.0 6 (D 1,1,1) (S 110,62,66) (S 300,66,62) (S 111,66,67) (S 142,88,90) (D 1,1,1)
0 1 45 120 746.0 7 (D 1,1,1) (S 121,44,73) (S 311,73,44) (S 310,74,73) (S 122,71,75) (S 143,90,91) (D 1,1,1)
0 1 46 119 665.0 6 (D 1,1,1) (S 123,75,76) (S 313,76,75) (S 125,76,77) (S 127,77,78) (D 1,1,1)
0 1 47 111 533.0 10 (D 1,1,1) (S 129,79,80) (S 131,80,81) (S 324,83,81) (S 134,81,83) (S 322,82,80) (S 132,80,82) (S 133,82,83) (S 135,82,84) (D 1,1,1)
0 1 48 113 522.0 9 (D 1,1,1) (S 136,83,84) (S 326,84,83) (S 148,84,92) (S 325,84,82) (S 137,84,85) (S 327,85,84) (S 193,87,122) (D 1,1,1)
0 1 49 117 553.0 8 (D 1,1,1) (S 138,85,86) (S 140,86,88) (S 328,86,85) (S 139,86,87) (S 197,123,125) (S 192,121,122) (D 1,1,1)
0 1 50 120 551.0 7 (D 1,1,1) (S 144,68,90) (S 332,90,88) (S 146,89,92) (S 164,91,103) (S 329,87,86) (D 1,1,1)
0 1 51 118 512.0 5 (D 1,1,1) (S 145,66,91) (S 353,103,102) (S 333,91,90) (D 1,1,1)
0 1 52 115 613.0 7 (D 1,1,1) (S 149,64,93) (S 339,93,64) (S 340,93,63) (S 151,93,94) (S 159,94,100) (D 1,1,1)
0 1 53 115 650.0 8 (D 1,1,1) (S 157,97,99) (S 343,96,95) (S 346,99,96) (S 347,99,97) (S 344,97,96) (S 356,105,104) (D 1,1,1)
0 1 54 104 548.0 7 (D 1,1,1) (S 161,66,101) (S 341,94,93) (S 162,101,102) (S 165,102,104) (S 355,104,102) (D 1,1,1)
0 1 55 115 532.0 5 (D 1,1,1) (S 163,102,103) (S 335,91,66) (S 176,112,113) (D 1,1,1)
0 1 56 119 467.0 7 (D 1,1,1) (S 167,105,106) (S 357,106,105) (S 170,106,108) (S 360,108,106) (S 174,110,112) (D 1,1,1)
0 1 57 119 418.0 9 (D 1,1,1) (S 168,106,107) (S 358,107,106) (S 169,107,108) (S 172,107,110) (S 173,110,111) (S 175,107,112) (S 180,115,116) (D 1,1,1)
0 1 58 118 404.0 6 (D 1,1,1) (S 177,103,113) (S 367,113,103) (S 364,112,110) (S 365,112,107) (D 1,1,1)
0 1 59 111 268.0 6 (D 1,1,1) (S 179,114,115) (S 369,115,114) (S 183,115,117) (S 182,116,117) (D 1,1,1)
0 1 60 105 331.0 6 (D 1,1,1) (S 184,2,117) (S 185,117,118) (S 186,117,119) (S 374,117,2) (D 1,1,1)
0 1 61 119 422.0 6 (D 1,1,1) (S 189,91,118) (S 379,118,91) (S 190,118,121) (S 196,120,123) (D 1,1,1)
0 1 62 108 520.0 8 (D 1,1,1) (S 194,122,123) (S 201,127,128) (S 391,128,127) (S 393,129,128) (S 394,129,127) (S 390,127,126) (D 1,1,1)
0 1 63 118 546.0 6 (D 1,1,1) (S 195,123,124) (S 388,124,4) (S 199,124,126) (S 389,126,124) (D 1,1,1)
0 1 64 117 511.0 5 (D 1,1,1) (S 198,4,124) (S 205,126,130) (S 200,126,127) (D 1,1,1)
0 1 65 116 578.0 6 (D 1,1,1) (S 202,3,128) (S 392,128,3) (S 203,128,129) (S 204,127,129) (D 1,1,1)
0 1 66 116 611.0 8 (D 1,1,1) (S 212,134,136) (S 402,136,134) (S 213,136,137) (S 214,136,138) (S 404,138,136) (S 383,122,87) (D 1,1,1)
0 1 67 116 538.0 6 (D 1,1,1) (S 216,125,138) (S 403,137,136) (S 405,138,131) (S 406,138,125) (D 1,1,1)
0 1 68 118 950.0 8 (D 1,1,1) (S 227,12,11) (S 238,20,12) (S 255,33,11) (S 276,139,33) (S 267,42,37) (S 268,43,42) (D 1,1,1)
0 1 69 119 962.0 5 (D 1,1,1) (S 251,31,30) (S 253,32,30) (S 409,27,11) (D 1,1,1)
0 1 70 120 804.0 9 (D 1,1,1) (S 256,139,34) (S 290,60,59) (S 291,60,45) (S 272,45,34) (S 271,45,44) (S 269,43,37) (S 273,47,42) (D 1,1,1)
0 1 71 117 611.0 11 (D 1,1,1) (S 270,44,43) (S 275,46,43) (S 274,47,46) (S 316,77,46) (S 315,77,76) (S 317,78,77) (S 318,79,78) (S 320,81,79) (S 319,80,79) (D 1,1,1)
0 1 72 120 628.0 11 (D 1,1,1) (S 289,59,58) (S 410,70,58) (S 304,70,69) (S 305,71,70) (S 306,71,69) (S 303,69,67) (S 307,72,71) (S 308,73,72) (S 309,74,72) (D 1,1,1)
0 1 73 116 466.0 8 (D 1,1,1) (S 330,88,86) (S 384,123,122) (S 382,122,121) (S 381,121,120) (S 380,121,118) (S 354,103,91) (D 1,1,1)
0 1 74 119 551.0 8 (D 1,1,1) (S 342,95,94) (S 351,101,66) (S 350,101,94) (S 349,100,94) (S 352,102,101) (S 366,113,112) (D 1,1,1)
0 1 75 108 543.0 7 (D 1,1,1) (S 359,108,107) (S 368,114,113) (S 370,116,115) (S 395,130,126) (S 396,131,126) (D 1,1,1)
0 1 76 118 362.0 5 (D 1,1,1) (S 361,109,108) (S 362,110,107) (S 363,111,110) (D 1,1,1)
0 1 77 57 113.0 5 (D 1,1,1) (S 371,116,1) (S 372,117,116) (S 373,117,115) (D 1,1,1)
0 1 78 107 264.0 4 (D 1,1,1) (S 375,118,117) (S 378,118,114) (D 1,1,1)
0 1 79 117 395.0 6 (D 1,1,1) (S 376,119,117) (S 385,124,123) (S 386,123,120) (S 387,125,123) (D 1,1,1)
