536.0
11
43186920
17392900
0 1 1 25 73.0 6 (D 1,1,1) (S 1,3,3) (S 41,3,4) (S 37,3,8) (S 25,1,15) (D 1,1,1)
0 1 2 27 62.0 6 (D 1,1,1) (S 2,4,4) (S 33,10,11) (S 18,6,9) (S 38,4,10) (D 1,1,1)
0 1 3 22 43.0 6 (D 1,1,1) (S 3,5,5) (S 16,6,7) (S 4,7,7) (S 5,8,8) (D 1,1,1)
0 1 4 26 72.0 9 (D 1,1,1) (S 6,14,14) (S 32,14,21) (S 36,14,20) (S 20,14,18) (S 45,13,14) (S 8,16,16) (S 43,12,13) (D 1,1,1)
0 1 5 24 49.0 6 (D 1,1,1) (S 7,15,15) (S 39,15,20) (S 29,13,15) (S 24,1,17) (D 1,1,1)
0 1 6 24 44.0 7 (D 1,1,1) (S 9,18,18) (S 11,21,21) (S 19,20,21) (S 30,21,25) (S 13,25,25) (D 1,1,1)
0 1 7 16 21.0 4 (D 1,1,1) (S 10,19,19) (S 22,24,27) (D 1,1,1)
0 1 8 23 27.0 6 (D 1,1,1) (S 12,23,23) (S 17,23,26) (S 14,26,26) (S 15,27,27) (D 1,1,1)
0 1 9 23 51.0 6 (D 1,1,1) (S 21,18,25) (S 27,21,23) (S 34,22,25) (S 42,22,23) (D 1,1,1)
0 1 10 27 64.0 7 (D 1,1,1) (S 23,4,5) (S 46,5,9) (S 44,6,10) (S 31,6,8) (S 26,3,6) (D 1,1,1)
0 1 11 12 30.0 5 (D 1,1,1) (S 28,2,1) (S 35,1,24) (S 40,2,12) (D 1,1,1)
