1124
7
110555085
103633917
0 1 1 5 220 7 (D 0,1,1) (S 6,1,4) (S 1,11,11) (S 18,11,5) (S 16,4,11) (S 13,3,4) (D 0,1,1)
0 1 2 4 119 6 (D 0,1,1) (S 11,2,4) (S 15,11,3) (S 3,6,6) (S 2,3,3) (D 0,1,1)
0 1 3 4 205 6 (D 0,1,1) (S 4,2,2) (S 10,2,3) (S 14,3,5) (S 5,1,2) (D 0,1,1)
0 1 4 5 147 7 (D 0,1,1) (S 25,9,10) (S 19,5,12) (S 20,6,7) (S 26,12,11) (S 21,6,12) (D 0,1,1)
0 1 5 2 44 4 (D 0,1,1) (S 27,10,8) (S 29,1,10) (D 0,1,1)
0 1 6 5 304 7 (D 0,1,1) (S 28,10,9) (S 17,5,6) (S 12,9,2) (S 22,8,7) (S 23,7,12) (D 0,1,1)
0 1 7 4 85 6 (D 0,1,1) (S 7,1,7) (S 9,12,1) (S 8,10,1) (S 24,8,10) (D 0,1,1)
