657.0
8
484746639
408429700
0 1 1 40 46.0 7 (D 1,1,1) (S 16,3,4) (S 40,9,3) (S 3,4,4) (S 4,5,5) (S 27,11,5) (D 1,1,1)
0 1 2 40 80.0 8 (D 1,1,1) (S 1,2,2) (S 2,3,3) (S 43,10,11) (S 32,11,10) (S 7,9,9) (S 37,1,3) (D 1,1,1)
0 1 3 40 83.0 9 (D 1,1,1) (S 21,11,15) (S 36,15,16) (S 9,16,16) (S 41,16,15) (S 30,15,21) (S 12,21,21) (S 26,21,15) (D 1,1,1)
0 1 4 40 121.0 12 (D 1,1,1) (S 33,5,11) (S 22,12,13) (S 42,13,17) (S 15,17,18) (S 8,14,14) (S 31,14,18) (S 34,18,14) (S 39,17,13) (S 28,8,7) (S 6,7,7) (D 1,1,1)
0 1 5 40 69.0 6 (D 1,1,1) (S 24,10,20) (S 19,20,21) (S 11,20,20) (S 14,23,23) (D 1,1,1)
0 1 6 39 114.0 7 (D 1,1,1) (S 20,9,10) (S 25,23,22) (S 13,22,22) (S 29,24,23) (S 38,24,21) (D 1,1,1)
0 1 7 36 44.0 4 (D 1,1,1) (S 18,1,2) (S 10,19,19) (D 1,1,1)
0 1 8 35 100.0 6 (D 1,1,1) (S 23,12,6) (S 5,6,6) (S 17,8,14) (S 35,12,11) (D 1,1,1)
