243.0
8
28667520
10517220
0 1 1 3 2.0 3 (D 1,1,1) (S 1,3,3) (D 1,1,1)
0 1 2 20 22.0 7 (D 1,1,1) (S 2,4,4) (S 38,4,2) (S 9,12,12) (S 8,11,11) (S 22,5,10) (D 1,1,1)
0 1 3 18 26.0 6 (D 1,1,1) (S 3,5,5) (S 4,7,7) (S 5,8,8) (S 27,6,12) (D 1,1,1)
0 1 4 19 33.0 7 (D 1,1,1) (S 6,9,9) (S 18,9,10) (S 23,10,11) (S 36,5,6) (S 7,10,10) (D 1,1,1)
0 1 5 19 43.0 7 (D 1,1,1) (S 10,15,15) (S 11,16,16) (S 15,16,17) (S 14,6,7) (S 34,12,6) (D 1,1,1)
0 1 6 19 43.0 8 (D 1,1,1) (S 12,18,18) (S 26,17,18) (S 35,13,14) (S 20,14,18) (S 16,13,17) (S 28,13,12) (D 1,1,1)
0 1 7 19 37.0 7 (D 1,1,1) (S 13,22,22) (S 21,21,24) (S 33,21,20) (S 17,3,4) (S 19,1,2) (D 1,1,1)
0 1 8 20 37.0 9 (D 1,1,1) (S 24,22,19) (S 29,19,20) (S 31,23,24) (S 30,20,23) (S 32,23,20) (S 25,9,3) (S 37,2,4) (D 1,1,1)
