472.0
10
30608899
10527720
0 1 1 26 34.0 6 (D 1,1,1) (S 1,2,2) (S 10,1,3) (S 19,1,19) (S 11,2,12) (D 1,1,1)
0 1 2 27 37.0 8 (D 1,1,1) (S 2,4,4) (S 5,10,10) (S 28,5,6) (S 24,7,11) (S 29,4,19) (S 40,12,19) (D 1,1,1)
0 1 3 25 43.0 6 (D 1,1,1) (S 3,6,6) (S 45,6,8) (S 39,6,9) (S 21,5,9) (D 1,1,1)
0 1 4 27 47.0 6 (D 1,1,1) (S 4,8,8) (S 23,24,27) (S 37,8,9) (S 12,3,8) (D 1,1,1)
0 1 5 23 43.0 6 (D 1,1,1) (S 6,14,14) (S 13,14,20) (S 44,14,18) (S 14,13,14) (D 1,1,1)
0 1 6 27 62.0 7 (D 1,1,1) (S 7,16,16) (S 15,15,20) (S 32,20,21) (S 34,18,21) (S 41,18,25) (D 1,1,1)
0 1 7 22 35.0 5 (D 1,1,1) (S 8,23,23) (S 9,26,26) (S 36,3,6) (D 1,1,1)
0 1 8 27 73.0 9 (D 1,1,1) (S 16,21,23) (S 35,22,23) (S 18,21,25) (S 25,21,22) (S 38,22,25) (S 46,25,26) (S 26,1,27) (D 1,1,1)
0 1 9 27 62.0 8 (D 1,1,1) (S 17,3,4) (S 22,4,6) (S 33,4,5) (S 20,4,12) (S 43,12,13) (S 31,1,24) (D 1,1,1)
0 1 10 27 36.0 6 (D 1,1,1) (S 42,1,17) (S 30,1,15) (S 47,13,15) (S 27,15,17) (D 1,1,1)
