179.0
8
190164660
186371640
0 1 1 27 32.0 8 (D 1,1,1) (S 5,6,6) (S 30,1,11) (S 11,7,10) (S 2,3,3) (S 19,3,4) (S 12,4,8) (D 1,1,1)
0 1 2 27 21.0 6 (D 1,1,1) (S 6,7,7) (S 20,2,3) (S 26,3,9) (S 8,9,9) (D 1,1,1)
0 1 3 27 32.0 8 (D 1,1,1) (S 27,1,6) (S 31,6,8) (S 7,8,8) (S 15,2,11) (S 21,1,3) (S 24,6,10) (D 1,1,1)
0 1 4 26 28.0 6 (D 1,1,1) (S 13,5,11) (S 17,2,4) (S 16,4,10) (S 9,10,10) (D 1,1,1)
0 1 5 26 10.0 5 (D 1,1,1) (S 18,6,7) (S 1,2,2) (S 25,5,8) (D 1,1,1)
0 1 6 25 23.0 5 (D 1,1,1) (S 4,5,5) (S 28,5,10) (S 22,3,11) (D 1,1,1)
0 1 7 27 13.0 4 (D 1,1,1) (S 3,4,4) (S 14,4,5) (D 1,1,1)
0 1 8 20 20.0 5 (D 1,1,1) (S 10,11,11) (S 23,4,9) (S 29,9,10) (D 1,1,1)
