570.0
7
4002459
2492980
0 1 1 31 109.0 5 (D 1,1,1) (S 1,2,2) (S 15,2,8) (S 21,1,5) (D 1,1,1)
0 1 2 30 75.0 5 (D 1,1,1) (S 2,3,3) (S 17,3,6) (S 14,4,5) (D 1,1,1)
0 1 3 31 20.0 3 (D 1,1,1) (S 3,4,4) (D 1,1,1)
0 1 4 32 77.0 5 (D 1,1,1) (S 4,6,6) (S 18,6,12) (S 10,12,12) (D 1,1,1)
0 1 5 24 73.0 5 (D 1,1,1) (S 5,7,7) (S 20,2,6) (S 12,2,3) (D 1,1,1)
0 1 6 31 143.0 7 (D 1,1,1) (S 6,8,8) (S 19,8,9) (S 7,9,9) (S 9,11,11) (S 13,11,13) (D 1,1,1)
0 1 7 33 73.0 5 (D 1,1,1) (S 11,5,10) (S 16,4,10) (S 8,10,10) (D 1,1,1)
