150.0
6
9560040
8860740
0 1 1 15 20.0 5 (D 1,1,1) (S 22,2,5) (S 25,2,6) (S 5,6,6) (D 1,1,1)
0 1 2 16 6.0 4 (D 1,1,1) (S 15,3,8) (S 2,3,3) (D 1,1,1)
0 1 3 23 45.0 9 (D 1,1,1) (S 13,3,5) (S 8,1,4) (S 18,4,7) (S 9,7,8) (S 14,1,3) (S 20,2,8) (S 24,1,8) (D 1,1,1)
0 1 4 16 24.0 7 (D 1,1,1) (S 12,1,5) (S 4,5,5) (S 21,2,7) (S 16,1,7) (S 23,5,7) (D 1,1,1)
0 1 5 23 39.0 6 (D 1,1,1) (S 7,6,8) (S 11,4,5) (S 10,5,8) (S 17,3,6) (D 1,1,1)
0 1 6 23 16.0 6 (D 1,1,1) (S 3,4,4) (S 19,4,6) (S 6,1,2) (S 1,2,2) (D 1,1,1)
