592.0
7
5909120
4038439
0 1 1 35 34.0 4 (D 1,1,1) (S 1,2,2) (S 10,2,6) (D 1,1,1)
0 1 2 35 117.0 6 (D 1,1,1) (S 2,3,3) (S 15,6,12) (S 8,12,12) (S 14,6,10) (D 1,1,1)
0 1 3 30 20.0 3 (D 1,1,1) (S 3,4,4) (D 1,1,1)
0 1 4 28 104.0 4 (D 1,1,1) (S 17,4,11) (S 4,5,5) (D 1,1,1)
0 1 5 34 194.0 8 (D 1,1,1) (S 5,9,9) (S 16,8,9) (S 19,7,9) (S 7,11,11) (S 9,11,13) (S 12,8,12) (D 1,1,1)
0 1 6 34 86.0 5 (D 1,1,1) (S 6,10,10) (S 11,4,10) (S 18,1,3) (D 1,1,1)
0 1 7 16 37.0 3 (D 1,1,1) (S 13,2,7) (D 1,1,1)
