595.0
6
80434760
76440420
0 1 1 5 57.0 7 (D 1,1,1) (S 23,1,12) (S 27,12,6) (S 14,7,8) (S 7,7,7) (S 26,7,6) (D 1,1,1)
0 1 2 5 108.0 7 (D 1,1,1) (S 19,1,2) (S 4,2,2) (S 9,2,4) (S 10,2,9) (S 17,9,10) (D 1,1,1)
0 1 3 5 116.0 7 (D 1,1,1) (S 20,1,4) (S 8,2,3) (S 11,5,6) (S 15,7,12) (S 6,12,12) (D 1,1,1)
0 1 4 5 99.0 7 (D 1,1,1) (S 21,1,7) (S 28,8,10) (S 18,10,11) (S 5,11,11) (S 3,10,10) (D 1,1,1)
0 1 5 5 134.0 7 (D 1,1,1) (S 22,1,10) (S 16,8,11) (S 29,9,11) (S 12,5,11) (S 13,5,12) (D 1,1,1)
0 1 6 4 81.0 6 (D 1,1,1) (S 25,5,3) (S 2,3,3) (S 24,3,4) (S 1,4,4) (D 1,1,1)
