5930.0
13
50944040
16863700
0 1 1 1241 305.0 5 (D 1,1,1) (S 1,3,3) (S 9,2,3) (S 10,2,7) (D 1,1,1)
0 1 2 1038 422.0 6 (D 1,1,1) (S 2,11,11) (S 23,11,18) (S 32,18,19) (S 47,11,12) (D 1,1,1)
0 1 3 1347 486.0 6 (D 1,1,1) (S 3,14,14) (S 28,14,15) (S 4,15,15) (S 29,15,22) (D 1,1,1)
0 1 4 1395 629.0 6 (D 1,1,1) (S 5,22,22) (S 39,22,29) (S 38,21,28) (S 37,20,27) (D 1,1,1)
0 1 5 1507 698.0 8 (D 1,1,1) (S 6,24,24) (S 34,19,20) (S 42,24,26) (S 50,26,25) (S 40,23,24) (S 48,12,7) (D 1,1,1)
0 1 6 634 117.0 3 (D 1,1,1) (S 7,1,2) (D 1,1,1)
0 1 7 1143 354.0 5 (D 1,1,1) (S 8,1,6) (S 16,6,7) (S 18,7,8) (D 1,1,1)
0 1 8 1496 483.0 6 (D 1,1,1) (S 11,3,4) (S 14,4,9) (S 13,4,5) (S 15,5,10) (D 1,1,1)
0 1 9 1319 547.0 8 (D 1,1,1) (S 12,3,8) (S 19,8,9) (S 20,9,10) (S 22,10,15) (S 21,9,14) (S 46,8,13) (D 1,1,1)
0 1 10 1541 397.0 5 (D 1,1,1) (S 17,6,11) (S 33,18,23) (S 41,23,25) (D 1,1,1)
0 1 11 1522 465.0 6 (D 1,1,1) (S 24,12,13) (S 26,13,14) (S 27,13,17) (S 30,16,17) (D 1,1,1)
0 1 12 1498 434.0 6 (D 1,1,1) (S 25,12,16) (S 31,16,19) (S 36,20,21) (S 49,21,17) (D 1,1,1)
0 1 13 1412 593.0 6 (D 1,1,1) (S 35,19,24) (S 43,26,27) (S 44,27,28) (S 45,28,29) (D 1,1,1)
