442.0
11
30010959
5399800
0 1 1 20 33.0 5 (D 1,1,1) (S 1,2,2) (S 24,3,4) (S 34,10,11) (D 1,1,1)
0 1 2 19 22.0 4 (D 1,1,1) (S 2,3,3) (S 27,3,6) (D 1,1,1)
0 1 3 27 23.0 5 (D 1,1,1) (S 3,4,4) (S 21,12,13) (S 16,4,19) (D 1,1,1)
0 1 4 27 35.0 7 (D 1,1,1) (S 4,5,5) (S 36,5,6) (S 29,7,11) (S 17,12,19) (S 11,19,19) (D 1,1,1)
0 1 5 22 36.0 5 (D 1,1,1) (S 5,6,6) (S 38,6,7) (S 20,6,8) (D 1,1,1)
0 1 6 20 16.0 4 (D 1,1,1) (S 6,8,8) (S 14,24,24) (D 1,1,1)
0 1 7 25 44.0 7 (D 1,1,1) (S 7,13,13) (S 39,13,14) (S 10,18,18) (S 26,18,21) (S 23,25,26) (D 1,1,1)
0 1 8 23 54.0 6 (D 1,1,1) (S 8,14,14) (S 41,14,20) (S 35,14,21) (S 9,16,16) (D 1,1,1)
0 1 9 26 85.0 8 (D 1,1,1) (S 12,21,21) (S 22,21,25) (S 33,20,21) (S 18,21,23) (S 28,22,25) (S 37,15,20) (D 1,1,1)
0 1 10 25 31.0 6 (D 1,1,1) (S 13,23,23) (S 32,22,23) (S 30,23,26) (S 19,26,27) (D 1,1,1)
0 1 11 24 63.0 6 (D 1,1,1) (S 15,15,17) (S 31,1,15) (S 40,1,27) (S 25,1,17) (D 1,1,1)
