193.0
11
14643860
11418120
0 1 1 27 2.0 3 (D 1,1,1) (S 1,2,2) (D 1,1,1)
0 1 2 27 18.0 6 (D 1,1,1) (S 2,3,3) (S 10,3,5) (S 15,3,10) (S 14,7,10) (D 1,1,1)
0 1 3 25 12.0 4 (D 1,1,1) (S 21,4,9) (S 3,4,4) (D 1,1,1)
0 1 4 23 31.0 6 (D 1,1,1) (S 4,5,5) (S 30,5,10) (S 11,4,7) (S 28,5,11) (D 1,1,1)
0 1 5 25 31.0 6 (D 1,1,1) (S 5,6,6) (S 24,6,9) (S 18,2,6) (S 17,2,5) (D 1,1,1)
0 1 6 26 20.0 6 (D 1,1,1) (S 19,1,9) (S 6,7,7) (S 26,3,9) (S 29,9,10) (D 1,1,1)
0 1 7 24 10.0 4 (D 1,1,1) (S 7,8,8) (S 8,8,9) (D 1,1,1)
0 1 8 22 22.0 5 (D 1,1,1) (S 9,9,11) (S 23,1,5) (S 32,1,6) (D 1,1,1)
0 1 9 24 19.0 6 (D 1,1,1) (S 16,1,10) (S 31,10,11) (S 34,1,2) (S 33,2,11) (D 1,1,1)
0 1 10 20 11.0 5 (D 1,1,1) (S 12,1,4) (S 20,6,8) (S 27,1,11) (D 1,1,1)
0 1 11 23 17.0 5 (D 1,1,1) (S 22,2,4) (S 25,2,8) (S 13,1,7) (D 1,1,1)
