224.0
7
12635560
9740780
0 1 1 27 8.0 4 (D 1,1,1) (S 1,2,2) (S 22,2,4) (D 1,1,1)
0 1 2 26 47.0 7 (D 1,1,1) (S 2,3,3) (S 16,3,10) (S 10,3,11) (S 11,4,9) (S 19,4,7) (D 1,1,1)
0 1 3 26 66.0 9 (D 1,1,1) (S 3,6,6) (S 12,6,9) (S 24,1,6) (S 15,6,11) (S 18,2,9) (S 17,6,10) (S 23,2,6) (D 1,1,1)
0 1 4 22 12.0 6 (D 1,1,1) (S 4,7,7) (S 5,8,8) (S 13,8,10) (S 7,1,10) (D 1,1,1)
0 1 5 15 19.0 4 (D 1,1,1) (S 6,9,9) (S 14,9,10) (D 1,1,1)
0 1 6 21 56.0 8 (D 1,1,1) (S 8,5,7) (S 28,7,9) (S 9,1,5) (S 20,7,8) (S 25,1,3) (S 21,1,2) (D 1,1,1)
0 1 7 17 16.0 4 (D 1,1,1) (S 26,4,8) (S 27,1,11) (D 1,1,1)
