657.0
6
121372579
115976840
0 1 1 5 74.0 5 (D 1,1,1) (S 19,1,12) (S 23,12,13) (S 1,2,2) (D 1,1,1)
0 1 2 5 137.0 7 (D 1,1,1) (S 15,1,4) (S 16,4,13) (S 3,5,5) (S 8,5,11) (S 7,8,10) (D 1,1,1)
0 1 3 5 131.0 7 (D 1,1,1) (S 17,1,7) (S 20,7,12) (S 6,6,7) (S 22,7,8) (S 24,8,11) (D 1,1,1)
0 1 4 5 130.0 7 (D 1,1,1) (S 14,1,10) (S 9,10,11) (S 5,9,9) (S 12,9,10) (S 4,6,6) (D 1,1,1)
0 1 5 5 117.0 7 (D 1,1,1) (S 13,2,3) (S 2,3,3) (S 10,3,5) (S 18,5,13) (S 21,5,6) (D 1,1,1)
0 1 6 1 68.0 3 (D 1,1,1) (S 11,3,13) (D 1,1,1)
