11376.0
16
2682445500
1296459220
0 1 1 1598 434.0 8 (D 11,1,1) (S 2,2,2) (S 1,1,1) (S 22,23,23) (S 32,33,33) (S 20,21,21) (S 10,10,10) (D 11,1,1)
0 1 2 1636 588.0 9 (D 11,1,1) (S 11,12,12) (S 21,22,22) (S 23,24,24) (S 3,3,3) (S 4,4,4) (S 25,26,26) (S 14,15,15) (D 11,1,1)
0 1 3 1605 634.0 8 (D 11,1,1) (S 33,34,34) (S 36,37,37) (S 37,38,38) (S 26,27,27) (S 46,47,47) (S 67,68,68) (D 11,1,1)
0 1 4 1631 717.0 9 (D 11,1,1) (S 12,13,13) (S 45,46,46) (S 48,49,49) (S 40,41,41) (S 41,42,42) (S 28,29,29) (S 19,20,20) (D 11,1,1)
0 1 5 1638 714.0 10 (D 11,1,1) (S 24,25,25) (S 43,44,44) (S 54,55,55) (S 55,56,56) (S 65,66,66) (S 66,67,67) (S 44,45,45) (S 16,17,17) (D 11,1,1)
0 1 6 1627 739.0 7 (D 11,1,1) (S 15,16,16) (S 18,19,19) (S 42,43,43) (S 39,40,40) (S 58,59,59) (D 11,1,1)
0 1 7 1606 581.0 7 (D 11,1,1) (S 51,52,52) (S 84,85,85) (S 85,86,86) (S 71,72,72) (S 53,54,54) (D 11,1,1)
0 1 8 1633 659.0 8 (D 11,1,1) (S 72,73,73) (S 86,87,87) (S 88,89,89) (S 75,76,76) (S 76,77,77) (S 77,78,78) (D 11,1,1)
0 1 9 1630 838.0 10 (D 11,1,1) (S 35,36,36) (S 47,48,48) (S 57,58,58) (S 68,69,69) (S 78,79,79) (S 59,60,60) (S 60,61,61) (S 91,92,92) (D 11,1,1)
0 1 10 1626 736.0 8 (D 11,1,1) (S 34,35,35) (S 56,57,57) (S 69,70,70) (S 81,82,82) (S 79,80,80) (S 73,74,74) (D 11,1,1)
0 1 11 1533 529.0 6 (D 11,1,1) (S 13,14,14) (S 5,5,5) (S 6,6,6) (S 17,18,18) (D 11,1,1)
0 1 12 1615 875.0 7 (D 11,1,1) (S 74,75,75) (S 64,65,65) (S 89,90,90) (S 80,81,81) (S 82,83,83) (D 11,1,1)
0 1 13 1540 705.0 6 (D 11,1,1) (S 52,53,53) (S 38,39,39) (S 27,28,28) (S 49,50,50) (D 11,1,1)
0 1 14 1642 877.0 6 (D 11,1,1) (S 87,88,88) (S 90,91,91) (S 92,93,93) (S 93,94,94) (D 11,1,1)
0 1 15 1578 839.0 8 (D 11,1,1) (S 31,32,32) (S 50,51,51) (S 62,63,63) (S 63,64,64) (S 61,62,62) (S 70,71,71) (D 11,1,1)
0 1 16 1627 911.0 8 (D 11,1,1) (S 7,7,7) (S 8,8,8) (S 9,9,9) (S 30,31,31) (S 29,30,30) (S 83,84,84) (D 11,1,1)
