397.0
7
7039200
5214300
0 1 1 35 60.0 5 (D 1,1,1) (S 1,2,2) (S 15,2,8) (S 9,4,2) (D 1,1,1)
0 1 2 36 33.0 6 (D 1,1,1) (S 2,3,3) (S 18,3,6) (S 5,6,6) (S 21,3,7) (D 1,1,1)
0 1 3 35 61.0 5 (D 1,1,1) (S 3,4,4) (S 14,4,3) (S 19,4,5) (D 1,1,1)
0 1 4 31 113.0 6 (D 1,1,1) (S 4,5,5) (S 17,5,9) (S 16,5,7) (S 10,1,5) (D 1,1,1)
0 1 5 39 12.0 4 (D 1,1,1) (S 6,7,7) (S 12,1,7) (D 1,1,1)
0 1 6 40 70.0 5 (D 1,1,1) (S 7,8,8) (S 8,9,9) (S 20,6,7) (D 1,1,1)
0 1 7 29 48.0 4 (D 1,1,1) (S 11,2,1) (S 13,1,9) (D 1,1,1)
