571.0
7
5641440
3943659
0 1 1 40 82.0 7 (D 1,1,1) (S 1,2,2) (S 18,2,3) (S 20,3,6) (S 15,2,5) (S 8,1,6) (D 1,1,1)
0 1 2 40 33.0 5 (D 1,1,1) (S 2,3,3) (S 5,6,6) (S 16,2,1) (D 1,1,1)
0 1 3 39 21.0 4 (D 1,1,1) (S 3,4,4) (S 17,4,2) (D 1,1,1)
0 1 4 27 30.0 4 (D 1,1,1) (S 4,5,5) (S 7,9,9) (D 1,1,1)
0 1 5 27 8.0 3 (D 1,1,1) (S 6,7,7) (D 1,1,1)
0 1 6 40 311.0 7 (D 1,1,1) (S 9,6,7) (S 13,7,9) (S 11,7,8) (S 19,8,10) (S 21,1,8) (D 1,1,1)
0 1 7 32 86.0 5 (D 1,1,1) (S 10,8,9) (S 14,1,9) (S 12,5,6) (D 1,1,1)
