664.0
7
10997560
6253800
0 1 1 34 61.0 4 (D 1,1,1) (S 1,2,2) (S 9,6,10) (D 1,1,1)
0 1 2 34 81.0 5 (D 1,1,1) (S 2,3,3) (S 13,1,4) (S 7,2,7) (D 1,1,1)
0 1 3 35 41.0 4 (D 1,1,1) (S 3,4,4) (S 16,1,3) (D 1,1,1)
0 1 4 28 104.0 4 (D 1,1,1) (S 4,5,5) (S 10,4,11) (D 1,1,1)
0 1 5 32 201.0 7 (D 1,1,1) (S 5,9,9) (S 20,8,9) (S 12,8,12) (S 18,12,13) (S 15,7,9) (D 1,1,1)
0 1 6 34 137.0 6 (D 1,1,1) (S 6,11,11) (S 14,10,11) (S 8,11,13) (S 11,6,12) (D 1,1,1)
0 1 7 15 39.0 4 (D 1,1,1) (S 17,1,2) (S 19,2,6) (D 1,1,1)
