523.0
10
1467760280
1214407180
0 1 1 50 32.0 9 (D 1,1,1) (S 21,30,30) (S 43,1,2) (S 37,2,1) (S 22,31,31) (S 4,5,5) (S 5,6,6) (S 31,6,31) (D 1,1,1)
0 1 2 50 65.0 11 (D 1,1,1) (S 57,5,31) (S 45,31,5) (S 44,10,14) (S 7,10,10) (S 8,11,11) (S 55,12,11) (S 49,12,18) (S 14,19,19) (S 16,21,21) (D 1,1,1)
0 1 3 50 53.0 9 (D 1,1,1) (S 1,2,2) (S 54,3,2) (S 2,3,3) (S 27,3,9) (S 24,9,13) (S 38,9,4) (S 50,4,9) (D 1,1,1)
0 1 4 50 35.0 8 (D 1,1,1) (S 32,27,29) (S 26,23,25) (S 17,23,23) (S 18,26,26) (S 20,29,29) (S 28,29,31) (D 1,1,1)
0 1 5 50 64.0 9 (D 1,1,1) (S 56,5,6) (S 53,29,28) (S 36,10,16) (S 12,17,17) (S 51,11,6) (S 25,10,11) (S 9,12,12) (D 1,1,1)
0 1 6 49 72.0 11 (D 1,1,1) (S 19,28,28) (S 39,14,15) (S 34,15,16) (S 11,16,16) (S 58,17,16) (S 42,15,14) (S 52,14,10) (S 33,24,27) (S 40,2,3) (D 1,1,1)
0 1 7 49 72.0 7 (D 1,1,1) (S 23,8,12) (S 10,13,13) (S 3,4,4) (S 35,19,18) (S 48,18,19) (D 1,1,1)
0 1 8 46 66.0 6 (D 1,1,1) (S 29,8,9) (S 41,19,22) (S 30,21,22) (S 15,20,20) (D 1,1,1)
0 1 9 45 47.0 5 (D 1,1,1) (S 6,7,7) (S 47,7,8) (S 13,18,18) (D 1,1,1)
0 1 10 12 17.0 3 (D 1,1,1) (S 46,25,28) (D 1,1,1)
