570.0
6
9397500
6036100
0 1 1 4 48.0 5 (D 1,1,1) (S 8,1,2) (S 5,9,9) (S 1,4,4) (D 1,1,1)
0 1 2 3 102.0 5 (D 1,1,1) (S 2,5,5) (S 7,6,8) (S 23,5,11) (D 1,1,1)
0 1 3 4 90.0 5 (D 1,1,1) (S 24,10,11) (S 3,7,7) (S 14,7,8) (D 1,1,1)
0 1 4 5 105.0 7 (D 1,1,1) (S 13,3,5) (S 6,10,10) (S 4,8,8) (S 9,8,11) (S 10,2,4) (D 1,1,1)
0 1 5 5 73.0 7 (D 1,1,1) (S 11,5,6) (S 12,6,7) (S 21,6,12) (S 18,1,7) (S 19,1,12) (D 1,1,1)
0 1 6 5 152.0 7 (D 1,1,1) (S 20,2,3) (S 15,3,4) (S 16,1,9) (S 17,2,9) (S 22,9,10) (D 1,1,1)
