268.0
11
351007300
345416400
0 1 1 27 50.0 10 (D 1,1,1) (S 26,1,3) (S 31,3,5) (S 16,5,7) (S 35,7,11) (S 44,1,6) (S 12,6,8) (S 38,1,8) (S 21,4,9) (D 1,1,1)
0 1 2 27 21.0 8 (D 1,1,1) (S 18,1,2) (S 39,2,7) (S 24,3,8) (S 7,8,8) (S 23,4,6) (S 5,6,6) (D 1,1,1)
0 1 3 27 22.0 7 (D 1,1,1) (S 13,1,11) (S 41,1,4) (S 3,4,4) (S 15,2,9) (S 34,3,11) (D 1,1,1)
0 1 4 27 11.0 5 (D 1,1,1) (S 1,2,2) (S 33,2,6) (S 27,4,5) (D 1,1,1)
0 1 5 27 21.0 5 (D 1,1,1) (S 17,2,10) (S 19,10,11) (S 2,3,3) (D 1,1,1)
0 1 6 26 46.0 8 (D 1,1,1) (S 32,1,5) (S 20,5,6) (S 28,6,9) (S 8,9,9) (S 46,3,6) (S 36,6,10) (D 1,1,1)
0 1 7 26 20.0 6 (D 1,1,1) (S 22,2,11) (S 11,8,9) (S 37,9,10) (S 9,10,10) (D 1,1,1)
0 1 8 26 11.0 5 (D 1,1,1) (S 45,1,7) (S 6,7,7) (S 10,3,9) (D 1,1,1)
0 1 9 25 31.0 7 (D 1,1,1) (S 29,4,10) (S 42,4,7) (S 4,5,5) (S 14,5,8) (S 40,8,11) (D 1,1,1)
0 1 10 21 26.0 5 (D 1,1,1) (S 30,2,3) (S 43,5,9) (S 47,4,11) (D 1,1,1)
0 1 11 7 9.0 3 (D 1,1,1) (S 25,6,7) (D 1,1,1)
