84
8
100508852
98472193
0 1 1 0 8 5 (D 0,1,1) (S 3,0,0) (S 20,0,0) (S 17,0,0) (D 0,1,1)
0 1 2 0 12 6 (D 0,1,1) (S 1,0,0) (S 26,0,0) (S 19,0,0) (S 11,0,0) (D 0,1,1)
0 1 3 0 14 8 (D 0,1,1) (S 33,0,0) (S 13,0,0) (S 28,0,0) (S 2,0,0) (S 32,0,0) (S 10,0,0) (D 0,1,1)
0 1 4 0 11 6 (D 0,1,1) (S 24,0,0) (S 6,0,0) (S 12,0,0) (S 29,0,0) (D 0,1,1)
0 1 5 0 15 6 (D 0,1,1) (S 31,0,0) (S 18,0,0) (S 30,0,0) (S 22,0,0) (D 0,1,1)
0 1 6 0 11 6 (D 0,1,1) (S 25,0,0) (S 14,0,0) (S 9,0,0) (S 21,0,0) (D 0,1,1)
0 1 7 0 7 7 (D 0,1,1) (S 16,0,0) (S 27,0,0) (S 23,0,0) (S 8,0,0) (S 4,0,0) (D 0,1,1)
0 1 8 0 6 5 (D 0,1,1) (S 7,0,0) (S 15,0,0) (S 5,0,0) (D 0,1,1)
