255.0
11
18276300
16820720
0 1 1 26 34.0 7 (D 1,1,1) (S 1,2,2) (S 13,2,3) (S 12,6,9) (S 42,2,6) (S 44,6,10) (D 1,1,1)
0 1 2 27 25.0 8 (D 1,1,1) (S 2,3,3) (S 37,3,5) (S 4,5,5) (S 20,3,9) (S 22,3,7) (S 17,5,9) (D 1,1,1)
0 1 3 27 29.0 8 (D 1,1,1) (S 3,4,4) (S 14,4,5) (S 46,4,7) (S 48,4,10) (S 29,4,11) (S 16,6,11) (D 1,1,1)
0 1 4 27 15.0 6 (D 1,1,1) (S 5,7,7) (S 18,7,9) (S 7,9,9) (S 43,5,11) (D 1,1,1)
0 1 5 24 8.0 5 (D 1,1,1) (S 6,8,8) (S 9,1,4) (S 10,1,8) (D 1,1,1)
0 1 6 10 6.0 4 (D 1,1,1) (S 8,10,10) (S 23,3,10) (D 1,1,1)
0 1 7 26 21.0 6 (D 1,1,1) (S 11,6,8) (S 19,8,11) (S 25,1,6) (S 15,1,2) (D 1,1,1)
0 1 8 27 47.0 8 (D 1,1,1) (S 21,3,4) (S 24,2,5) (S 27,4,9) (S 41,1,3) (S 35,1,5) (S 28,2,7) (D 1,1,1)
0 1 9 27 27.0 6 (D 1,1,1) (S 26,2,4) (S 33,6,7) (S 47,4,8) (S 31,2,8) (D 1,1,1)
0 1 10 27 22.0 7 (D 1,1,1) (S 30,3,11) (S 34,1,11) (S 40,1,10) (S 36,1,7) (S 38,3,8) (D 1,1,1)
0 1 11 18 21.0 5 (D 1,1,1) (S 32,5,8) (S 45,2,10) (S 39,2,11) (D 1,1,1)
