130
11
237706172
236175734
0 1 1 0 12 8 (D 0,1,1) (S 30,0,0) (S 16,0,0) (S 10,0,0) (S 19,0,0) (S 15,0,0) (S 32,0,0) (D 0,1,1)
0 1 2 0 16 8 (D 0,1,1) (S 40,0,0) (S 29,0,0) (S 18,0,0) (S 6,0,0) (S 23,0,0) (S 43,0,0) (D 0,1,1)
0 1 3 0 13 7 (D 0,1,1) (S 2,0,0) (S 35,0,0) (S 4,0,0) (S 41,0,0) (S 26,0,0) (D 0,1,1)
0 1 4 0 23 7 (D 0,1,1) (S 22,0,0) (S 27,0,0) (S 25,0,0) (S 17,0,0) (S 14,0,0) (D 0,1,1)
0 1 5 0 6 4 (D 0,1,1) (S 5,0,0) (S 28,0,0) (D 0,1,1)
0 1 6 0 12 6 (D 0,1,1) (S 39,0,0) (S 37,0,0) (S 20,0,0) (S 38,0,0) (D 0,1,1)
0 1 7 0 3 4 (D 0,1,1) (S 1,0,0) (S 33,0,0) (D 0,1,1)
0 1 8 0 9 5 (D 0,1,1) (S 31,0,0) (S 3,0,0) (S 24,0,0) (D 0,1,1)
0 1 9 0 18 7 (D 0,1,1) (S 44,0,0) (S 36,0,0) (S 8,0,0) (S 11,0,0) (S 13,0,0) (D 0,1,1)
0 1 10 0 12 6 (D 0,1,1) (S 9,0,0) (S 34,0,0) (S 21,0,0) (S 12,0,0) (D 0,1,1)
0 1 11 0 6 4 (D 0,1,1) (S 42,0,0) (S 7,0,0) (D 0,1,1)
