208.0
7
421634640
287484540
0 1 1 20 20.0 7 (D 1,1,1) (S 22,1,2) (S 19,3,4) (S 26,4,2) (S 3,4,4) (S 18,5,10) (D 1,1,1)
0 1 2 20 28.0 7 (D 1,1,1) (S 2,3,3) (S 4,5,5) (S 21,6,7) (S 25,6,12) (S 30,12,11) (D 1,1,1)
0 1 3 20 25.0 8 (D 1,1,1) (S 1,2,2) (S 6,9,9) (S 29,19,20) (S 27,20,23) (S 15,23,23) (S 11,15,15) (D 1,1,1)
0 1 4 20 36.0 9 (D 1,1,1) (S 9,12,12) (S 8,11,11) (S 10,13,13) (S 28,13,14) (S 32,18,17) (S 13,17,17) (S 33,12,6) (D 1,1,1)
0 1 5 19 27.0 7 (D 1,1,1) (S 24,10,20) (S 14,21,21) (S 12,16,16) (S 35,16,12) (S 34,11,12) (D 1,1,1)
0 1 6 19 28.0 6 (D 1,1,1) (S 7,10,10) (S 17,9,19) (S 16,22,23) (S 36,22,19) (D 1,1,1)
0 1 7 19 44.0 6 (D 1,1,1) (S 5,7,7) (S 23,8,14) (S 20,14,18) (S 31,8,7) (D 1,1,1)
