687.0
7
5321400
3567060
0 1 1 40 90.0 6 (D 1,1,1) (S 1,2,2) (S 10,2,5) (S 11,5,9) (S 8,1,6) (D 1,1,1)
0 1 2 32 32.0 5 (D 1,1,1) (S 2,3,3) (S 5,6,6) (S 20,3,7) (D 1,1,1)
0 1 3 39 27.0 5 (D 1,1,1) (S 3,4,4) (S 13,4,2) (S 23,4,1) (D 1,1,1)
0 1 4 37 41.0 4 (D 1,1,1) (S 4,5,5) (S 12,1,9) (D 1,1,1)
0 1 5 40 197.0 7 (D 1,1,1) (S 6,7,7) (S 15,1,8) (S 14,8,9) (S 7,7,9) (S 19,9,10) (D 1,1,1)
0 1 6 28 113.0 5 (D 1,1,1) (S 9,5,7) (S 17,7,8) (S 16,7,10) (D 1,1,1)
0 1 7 29 187.0 6 (D 1,1,1) (S 18,8,10) (S 22,3,8) (S 21,2,3) (S 24,3,6) (D 1,1,1)
