526.0
10
38965360
13640060
0 1 1 48 39.0 5 (D 1,1,1) (S 1,2,2) (S 23,1,7) (S 6,9,9) (D 1,1,1)
0 1 2 48 40.0 8 (D 1,1,1) (S 2,3,3) (S 26,3,9) (S 3,4,4) (S 31,4,13) (S 8,13,13) (S 27,1,31) (D 1,1,1)
0 1 3 39 49.0 7 (D 1,1,1) (S 4,6,6) (S 35,28,26) (S 19,28,28) (S 24,10,11) (S 48,10,5) (D 1,1,1)
0 1 4 50 54.0 8 (D 1,1,1) (S 5,7,7) (S 39,7,6) (S 53,6,11) (S 30,8,12) (S 45,5,10) (S 22,31,31) (D 1,1,1)
0 1 5 50 57.0 9 (D 1,1,1) (S 7,10,10) (S 9,14,14) (S 11,16,16) (S 10,15,15) (S 52,15,14) (S 12,17,17) (S 34,11,12) (D 1,1,1)
0 1 6 46 99.0 11 (D 1,1,1) (S 13,18,18) (S 40,18,19) (S 55,19,22) (S 51,21,18) (S 37,18,12) (S 42,12,18) (S 50,12,13) (S 47,12,11) (S 46,11,6) (D 1,1,1)
0 1 7 50 66.0 7 (D 1,1,1) (S 14,19,19) (S 28,19,21) (S 33,21,22) (S 29,20,22) (S 36,19,18) (D 1,1,1)
0 1 8 49 44.0 8 (D 1,1,1) (S 15,23,23) (S 25,23,25) (S 16,24,24) (S 17,26,26) (S 18,27,27) (S 38,5,6) (D 1,1,1)
0 1 9 50 41.0 7 (D 1,1,1) (S 20,29,29) (S 21,30,30) (S 41,30,29) (S 49,25,28) (S 54,5,31) (D 1,1,1)
0 1 10 21 37.0 5 (D 1,1,1) (S 32,8,9) (S 44,9,4) (S 43,3,2) (D 1,1,1)
