613.0
7
6775720
5542180
0 1 1 35 21.0 4 (D 1,1,1) (S 1,2,2) (S 23,4,2) (D 1,1,1)
0 1 2 41 96.0 7 (D 1,1,1) (S 2,3,3) (S 10,2,8) (S 13,3,6) (S 5,6,6) (S 8,6,9) (D 1,1,1)
0 1 3 36 59.0 5 (D 1,1,1) (S 3,4,4) (S 9,4,3) (S 4,5,5) (D 1,1,1)
0 1 4 26 71.0 5 (D 1,1,1) (S 6,7,7) (S 11,7,8) (S 15,7,10) (D 1,1,1)
0 1 5 33 154.0 6 (D 1,1,1) (S 7,9,9) (S 14,9,10) (S 19,8,9) (S 20,5,7) (D 1,1,1)
0 1 6 41 35.0 5 (D 1,1,1) (S 12,4,1) (S 16,3,1) (S 17,1,5) (D 1,1,1)
0 1 7 33 177.0 5 (D 1,1,1) (S 18,8,10) (S 22,1,8) (S 21,1,7) (D 1,1,1)
