170.0
6
4959640
4473980
0 1 1 22 46.0 7 (D 1,1,1) (S 1,2,2) (S 23,2,6) (S 15,2,7) (S 16,2,4) (S 20,4,5) (D 1,1,1)
0 1 2 9 2.0 3 (D 1,1,1) (S 2,3,3) (D 1,1,1)
0 1 3 22 24.0 7 (D 1,1,1) (S 3,4,4) (S 7,4,6) (S 5,6,6) (S 24,6,7) (S 6,8,8) (D 1,1,1)
0 1 4 19 27.0 5 (D 1,1,1) (S 4,5,5) (S 13,5,6) (S 8,7,8) (D 1,1,1)
0 1 5 24 42.0 9 (D 1,1,1) (S 9,5,8) (S 21,1,6) (S 10,4,7) (S 22,1,7) (S 11,4,8) (S 12,1,3) (S 14,3,8) (D 1,1,1)
0 1 6 20 29.0 5 (D 1,1,1) (S 17,2,8) (S 18,3,7) (S 19,3,4) (D 1,1,1)
