738.0
7
6343820
2737560
0 1 1 34 118.0 5 (D 1,1,1) (S 1,2,2) (S 15,7,9) (S 20,2,8) (D 1,1,1)
0 1 2 30 65.0 5 (D 1,1,1) (S 2,3,3) (S 19,1,4) (S 7,1,3) (D 1,1,1)
0 1 3 31 106.0 4 (D 1,1,1) (S 3,4,4) (S 8,4,11) (D 1,1,1)
0 1 4 35 151.0 6 (D 1,1,1) (S 4,5,5) (S 14,10,11) (S 21,11,13) (S 17,4,10) (D 1,1,1)
0 1 5 34 164.0 7 (D 1,1,1) (S 5,9,9) (S 13,8,9) (S 9,8,12) (S 10,11,12) (S 16,6,12) (D 1,1,1)
0 1 6 35 104.0 5 (D 1,1,1) (S 6,12,12) (S 18,6,10) (S 12,1,2) (D 1,1,1)
0 1 7 13 30.0 3 (D 1,1,1) (S 11,2,3) (D 1,1,1)
