615.0
7
49935760
43982260
0 1 1 35 31.0 4 (D 1,1,1) (S 1,2,2) (S 12,1,3) (D 1,1,1)
0 1 2 35 80.0 6 (D 1,1,1) (S 14,2,3) (S 13,3,6) (S 4,6,6) (S 3,5,5) (D 1,1,1)
0 1 3 35 163.0 7 (D 1,1,1) (S 15,2,6) (S 18,10,11) (S 11,11,13) (S 6,9,9) (S 8,7,9) (D 1,1,1)
0 1 4 35 139.0 6 (D 1,1,1) (S 17,1,2) (S 5,8,8) (S 16,12,13) (S 19,4,10) (D 1,1,1)
0 1 5 30 20.0 3 (D 1,1,1) (S 2,4,4) (D 1,1,1)
0 1 6 31 135.0 4 (D 1,1,1) (S 10,4,11) (S 7,11,12) (D 1,1,1)
0 1 7 11 47.0 3 (D 1,1,1) (S 9,5,10) (D 1,1,1)
