570.0
9
35781480
15232279
0 1 1 44 33.0 9 (D 1,1,1) (S 1,2,2) (S 33,10,2) (S 2,3,3) (S 6,9,9) (S 22,3,10) (S 3,4,4) (S 4,5,5) (D 1,1,1)
0 1 2 43 36.0 5 (D 1,1,1) (S 5,6,6) (S 34,7,6) (S 25,6,11) (D 1,1,1)
0 1 3 33 54.0 6 (D 1,1,1) (S 7,11,11) (S 36,11,1) (S 39,9,19) (S 19,3,4) (D 1,1,1)
0 1 4 45 97.0 9 (D 1,1,1) (S 8,12,12) (S 32,12,17) (S 30,19,22) (S 9,15,15) (S 48,20,15) (S 23,5,11) (S 27,2,4) (D 1,1,1)
0 1 5 44 130.0 10 (D 1,1,1) (S 10,16,16) (S 41,17,12) (S 37,16,17) (S 31,15,21) (S 21,21,23) (S 28,21,24) (S 17,7,13) (S 42,8,14) (D 1,1,1)
0 1 6 44 79.0 11 (D 1,1,1) (S 11,17,17) (S 24,13,14) (S 20,14,18) (S 44,14,8) (S 15,7,8) (S 12,18,18) (S 46,17,18) (S 38,17,16) (S 29,13,17) (D 1,1,1)
0 1 7 45 37.0 6 (D 1,1,1) (S 13,20,20) (S 16,23,24) (S 14,24,24) (S 18,22,23) (D 1,1,1)
0 1 8 21 27.0 4 (D 1,1,1) (S 26,19,20) (S 40,21,15) (D 1,1,1)
0 1 9 39 77.0 6 (D 1,1,1) (S 35,6,5) (S 45,5,6) (S 43,1,19) (S 47,19,9) (D 1,1,1)
