260.0
7
13700540
10919440
0 1 1 27 36.0 7 (D 1,1,1) (S 1,2,2) (S 14,4,7) (S 15,1,7) (S 12,1,9) (S 16,1,10) (D 1,1,1)
0 1 2 22 49.0 7 (D 1,1,1) (S 2,3,3) (S 29,3,5) (S 9,3,6) (S 8,3,10) (S 19,3,11) (D 1,1,1)
0 1 3 27 70.0 9 (D 1,1,1) (S 3,6,6) (S 10,6,10) (S 28,2,5) (S 22,6,11) (S 31,1,5) (S 4,7,7) (S 11,7,9) (D 1,1,1)
0 1 4 25 26.0 6 (D 1,1,1) (S 5,8,8) (S 13,2,4) (S 30,4,9) (S 6,9,9) (D 1,1,1)
0 1 5 8 2.0 3 (D 1,1,1) (S 7,11,11) (D 1,1,1)
0 1 6 20 39.0 6 (D 1,1,1) (S 17,4,8) (S 24,2,6) (S 27,2,9) (S 25,2,3) (D 1,1,1)
0 1 7 25 38.0 7 (D 1,1,1) (S 18,5,7) (S 20,7,8) (S 26,7,10) (S 21,1,6) (S 23,1,8) (D 1,1,1)
