573.0
6
8559180
4611460
0 1 1 5 95.0 7 (D 1,1,1) (S 1,2,2) (S 18,2,4) (S 21,2,9) (S 7,9,9) (S 8,9,10) (D 1,1,1)
0 1 2 5 89.0 5 (D 1,1,1) (S 2,3,3) (S 15,5,13) (S 4,5,5) (D 1,1,1)
0 1 3 1 34.0 3 (D 1,1,1) (S 3,4,4) (D 1,1,1)
0 1 4 5 57.0 6 (D 1,1,1) (S 5,7,7) (S 9,7,8) (S 12,6,7) (S 19,5,6) (D 1,1,1)
0 1 5 5 120.0 7 (D 1,1,1) (S 6,8,8) (S 23,8,10) (S 16,10,11) (S 10,6,12) (S 11,1,2) (D 1,1,1)
0 1 6 5 178.0 7 (D 1,1,1) (S 13,5,12) (S 14,12,13) (S 20,1,10) (S 17,1,4) (S 22,1,12) (D 1,1,1)
